1928 2113
 1 2
 2 3
 3 4
 3 5
 3 6
 3 7
 3 8
 3 9
 2 10
 10 11
 10 12
 10 13
 10 14
 10 15
 10 16
 10 17
 10 18
 10 19
 10 20
 10 21
 1 22
 22 23
 23 24
 23 25
 22 26
 26 27
 27 28
 27 29
 27 30
 26 31
 26 32
 26 33
 26 34
 26 35
 26 36
 26 37
 26 38
 26 39
 26 40
 40 41
 40 42
 26 43
 26 44
 26 45
 26 46
 22 47
 47 48
 47 49
 49 50
 49 51
 49 52
 49 53
 47 54
 54 55
 54 56
 54 57
 54 58
 47 59
 59 60
 59 61
 47 62
 62 63
 62 64
 62 65
 62 66
 62 67
 62 68
 47 69
 69 70
 69 71
 69 72
 69 73
 69 74
 69 75
 22 76
 76 48
 76 77
 77 78
 77 79
 77 80
 77 81
 77 82
 77 83
 76 84
 84 85
 84 86
 84 87
 76 88
 88 89
 88 90
 88 91
 88 92
 76 93
 76 94
 76 95
 76 96
 76 97
 76 98
 76 99
 76 100
 100 101
 100 102
 100 103
 100 104
 76 105
 22 106
 106 107
 107 108
 107 109
 107 110
 107 111
 106 112
 112 113
 112 114
 112 115
 112 116
 106 117
 117 118
 117 119
 117 120
 117 121
 106 122
 106 123
 123 124
 123 125
 123 126
 123 127
 123 128
 123 129
 22 130
 130 131
 131 132
 131 133
 131 134
 131 135
 130 136
 130 137
 137 138
 137 139
 137 140
 137 141
 137 142
 130 143
 130 144
 144 145
 144 146
 144 147
 144 148
 144 149
 144 150
 144 151
 130 152
 152 153
 152 154
 152 155
 152 156
 152 157
 152 158
 130 159
 159 160
 159 161
 159 162
 22 163
 163 164
 164 165
 164 166
 164 167
 164 168
 164 169
 164 170
 164 171
 164 172
 163 173
 173 174
 173 175
 173 176
 173 177
 163 178
 178 179
 178 180
 178 181
 22 182
 182 183
 182 184
 182 185
 182 186
 186 187
 186 188
 186 189
 182 190
 182 191
 182 192
 182 193
 182 194
 22 195
 195 196
 196 197
 196 198
 196 199
 196 200
 196 201
 196 202
 195 203
 203 204
 203 205
 203 206
 195 207
 207 208
 207 209
 207 210
 207 211
 207 212
 207 213
 195 214
 22 215
 215 216
 216 217
 216 218
 216 219
 216 220
 215 221
 221 222
 221 223
 215 224
 224 225
 224 226
 224 227
 224 228
 224 229
 215 230
 230 231
 230 232
 215 233
 215 234
 215 235
 215 236
 215 237
 215 238
 238 239
 238 240
 238 241
 241 242
 241 243
 238 244
 215 245
 1 246
 246 247
 247 248
 248 249
 248 250
 248 251
 248 252
 248 253
 247 254
 254 255
 254 256
 254 257
 254 258
 254 259
 254 260
 254 261
 254 262
 247 263
 263 264
 263 265
 263 266
 263 267
 263 268
 247 269
 269 270
 269 271
 269 272
 269 273
 269 274
 269 275
 269 276
 269 277
 269 278
 269 279
 269 280
 246 281
 281 282
 281 283
 283 284
 283 285
 285 286
 283 287
 283 288
 281 31
 281 90
 281 289
 289 290
 289 291
 289 292
 246 293
 293 294
 293 295
 293 296
 293 297
 246 298
 298 11
 298 299
 298 300
 298 301
 298 302
 298 200
 298 303
 1 304
 304 305
 305 306
 306 307
 306 308
 305 309
 304 310
 310 311
 310 312
 312 313
 312 314
 310 315
 310 316
 316 317
 316 318
 310 319
 310 320
 310 321
 310 322
 322 323
 310 324
 324 325
 324 326
 310 327
 310 328
 304 329
 329 330
 330 331
 330 332
 329 333
 333 334
 329 335
 329 336
 336 337
 336 338
 329 339
 339 340
 329 341
 341 342
 304 343
 343 344
 344 345
 344 346
 344 347
 343 348
 348 349
 348 350
 348 351
 348 352
 343 353
 304 354
 354 355
 354 356
 354 357
 354 358
 354 359
 304 360
 360 361
 361 362
 361 363
 361 364
 361 365
 361 366
 360 367
 367 368
 367 369
 367 370
 367 371
 367 372
 360 373
 373 374
 373 375
 373 376
 373 377
 377 378
 377 379
 377 380
 377 381
 381 382
 381 383
 377 384
 384 385
 377 386
 360 387
 360 388
 388 197
 360 389
 360 390
 360 391
 304 392
 392 308
 392 264
 392 393
 392 394
 392 395
 392 396
 392 397
 304 398
 398 89
 398 399
 398 400
 398 401
 398 402
 398 403
 403 282
 398 404
 398 405
 405 406
 405 407
 405 408
 405 409
 398 410
 410 411
 410 412
 398 413
 413 414
 398 415
 398 416
 1 417
 417 418
 418 419
 419 420
 419 421
 421 422
 421 423
 423 424
 423 425
 423 426
 421 427
 419 428
 428 429
 428 430
 430 431
 430 432
 430 433
 430 434
 430 435
 430 436
 428 437
 437 438
 437 439
 437 440
 437 441
 437 442
 437 443
 437 444
 437 445
 437 446
 428 447
 447 448
 447 449
 447 450
 419 451
 451 452
 451 453
 418 454
 454 292
 454 455
 455 266
 455 267
 455 273
 455 456
 455 457
 455 458
 455 459
 455 460
 455 461
 455 462
 455 463
 455 464
 454 465
 465 466
 465 467
 465 468
 465 469
 465 470
 465 471
 454 472
 454 473
 473 264
 473 265
 473 268
 473 474
 454 475
 454 476
 418 477
 477 478
 478 479
 478 480
 478 481
 478 482
 478 483
 478 484
 477 485
 485 165
 485 486
 485 487
 485 488
 418 489
 489 490
 489 491
 489 492
 489 493
 493 494
 489 495
 489 496
 417 497
 497 498
 498 499
 499 500
 499 501
 499 502
 499 503
 499 504
 499 505
 499 506
 499 507
 499 508
 499 509
 499 510
 499 511
 498 512
 512 513
 512 514
 512 515
 512 516
 512 517
 512 518
 512 519
 512 520
 512 521
 512 522
 512 523
 512 524
 512 525
 512 526
 497 527
 527 528
 527 529
 497 530
 530 422
 530 531
 530 532
 530 533
 530 534
 530 535
 530 536
 530 537
 530 538
 530 539
 497 540
 540 541
 541 542
 541 543
 540 544
 540 545
 540 546
 540 547
 540 548
 540 549
 540 550
 540 551
 540 552
 540 553
 540 554
 540 555
 497 556
 556 557
 556 558
 556 559
 556 560
 556 561
 556 562
 556 563
 497 564
 564 565
 564 566
 564 567
 564 568
 497 569
 497 570
 497 571
 417 572
 572 573
 573 574
 573 575
 573 576
 573 577
 577 578
 572 579
 579 580
 580 581
 580 582
 580 583
 580 584
 580 585
 580 586
 580 587
 579 588
 572 589
 589 590
 589 591
 589 592
 589 593
 593 594
 589 595
 589 596
 596 597
 572 598
 598 590
 598 599
 598 600
 600 601
 598 602
 598 603
 603 604
 603 605
 603 606
 603 607
 603 608
 598 609
 598 610
 572 611
 611 612
 611 613
 611 614
 611 615
 611 616
 611 617
 611 618
 572 619
 619 620
 619 621
 572 622
 1 623
 623 624
 624 625
 625 626
 625 627
 625 628
 624 629
 624 630
 630 631
 630 632
 630 633
 630 634
 624 635
 624 636
 624 637
 637 638
 637 639
 637 640
 624 641
 624 642
 623 643
 643 644
 644 645
 644 646
 643 647
 643 648
 643 649
 643 650
 650 651
 650 652
 643 653
 623 654
 654 655
 654 656
 654 657
 654 658
 654 659
 654 660
 654 631
 654 661
 654 662
 654 663
 654 664
 654 665
 623 666
 666 667
 666 668
 666 669
 666 670
 666 671
 666 672
 666 673
 666 674
 666 675
 666 676
 666 677
 666 678
 666 679
 666 680
 666 681
 666 682
 666 683
 623 684
 684 685
 685 686
 685 687
 685 688
 685 689
 684 690
 690 691
 690 692
 690 693
 690 694
 690 695
 690 696
 690 697
 684 698
 698 699
 699 700
 699 701
 701 702
 701 703
 701 704
 701 705
 698 706
 706 707
 706 708
 706 709
 706 710
 706 711
 706 712
 706 713
 706 714
 698 715
 715 716
 715 717
 715 714
 698 718
 718 597
 718 719
 684 720
 720 721
 720 722
 720 723
 720 724
 720 725
 684 726
 726 727
 727 691
 726 728
 726 729
 726 730
 684 731
 731 732
 731 733
 684 734
 734 735
 734 736
 734 737
 734 738
 734 739
 684 740
 740 741
 740 742
 740 743
 740 744
 740 745
 684 746
 746 741
 746 742
 684 747
 747 748
 747 749
 747 750
 747 751
 747 752
 684 753
 623 754
 754 755
 754 756
 754 757
 754 758
 754 759
 754 760
 754 761
 754 762
 754 763
 623 764
 764 765
 765 766
 765 767
 765 768
 765 769
 769 770
 769 771
 765 772
 765 773
 765 774
 765 775
 765 776
 765 777
 765 778
 765 779
 765 780
 780 781
 780 782
 780 783
 780 784
 780 785
 765 786
 765 787
 765 788
 765 789
 764 790
 790 791
 790 792
 790 793
 790 794
 790 795
 790 796
 790 797
 790 798
 790 799
 790 800
 790 801
 790 802
 790 803
 764 804
 804 805
 804 806
 804 807
 804 808
 804 809
 804 810
 804 811
 804 812
 804 813
 804 814
 804 815
 804 816
 764 817
 623 818
 818 819
 819 820
 819 821
 819 822
 819 823
 819 824
 818 825
 825 826
 825 827
 825 828
 825 829
 825 830
 825 831
 818 832
 832 833
 832 834
 832 835
 832 836
 832 837
 832 838
 832 839
 832 679
 1 840
 840 841
 841 842
 842 843
 842 844
 842 845
 842 846
 842 847
 842 848
 842 849
 841 850
 850 851
 850 852
 850 853
 850 854
 850 855
 850 856
 850 857
 850 858
 850 686
 850 859
 850 860
 850 861
 850 862
 850 863
 840 864
 864 865
 865 866
 865 867
 865 868
 865 869
 865 870
 865 871
 865 872
 865 873
 873 874
 873 875
 873 876
 864 877
 877 878
 877 879
 877 880
 877 881
 877 882
 882 883
 877 884
 864 885
 885 886
 885 887
 885 888
 885 889
 885 890
 890 891
 890 892
 890 702
 890 893
 885 894
 885 895
 885 896
 896 897
 896 898
 885 899
 864 900
 864 901
 901 902
 901 903
 901 904
 904 905
 901 906
 901 907
 901 908
 901 909
 901 910
 901 911
 901 912
 864 913
 913 914
 864 915
 864 916
 864 917
 840 918
 918 919
 918 920
 918 921
 840 922
 922 923
 840 924
 924 925
 925 926
 925 927
 925 928
 925 929
 929 930
 925 931
 925 932
 925 933
 925 934
 925 935
 925 936
 925 937
 925 938
 924 698
 698 699
 699 700
 699 701
 701 702
 701 703
 701 704
 701 705
 698 706
 706 707
 706 708
 706 709
 706 710
 706 711
 706 712
 706 713
 706 714
 698 715
 715 716
 715 717
 715 714
 698 718
 718 597
 718 719
 924 939
 939 940
 939 941
 939 942
 939 943
 924 944
 944 626
 944 945
 944 946
 924 947
 947 948
 924 949
 924 950
 924 951
 840 952
 952 944
 944 626
 944 945
 944 946
 952 953
 953 954
 953 955
 953 956
 952 957
 1 958
 958 959
 959 960
 960 961
 960 962
 960 963
 963 964
 963 965
 960 966
 960 967
 967 968
 967 969
 967 806
 967 970
 967 971
 967 972
 967 973
 959 974
 974 975
 975 976
 975 977
 975 978
 975 979
 975 980
 974 981
 981 721
 981 982
 981 983
 959 984
 984 985
 984 986
 986 987
 986 988
 986 989
 986 990
 984 991
 991 992
 991 993
 991 994
 984 995
 984 996
 996 997
 996 998
 996 999
 984 1000
 984 1001
 984 1002
 984 1003
 1003 1004
 1003 439
 1003 1005
 984 1006
 984 1007
 984 1008
 959 1009
 1009 1010
 1010 1011
 1009 1012
 1012 1013
 1012 1014
 1009 1015
 1015 1016
 1009 1017
 959 1018
 1018 1019
 1018 1020
 1018 1021
 1018 1022
 959 1023
 1023 1024
 1023 1025
 1023 805
 1023 1026
 1023 1027
 1023 1028
 1023 1029
 1023 1030
 1023 1031
 959 1032
 1032 1033
 1032 1034
 1032 1035
 1032 1036
 1032 1037
 1032 1038
 1032 1039
 1032 1040
 1032 1041
 1032 1042
 958 1043
 1043 1044
 1044 1045
 1044 1046
 1044 1047
 1044 1048
 1048 1049
 1048 1050
 1044 1051
 1044 1052
 1043 1053
 1053 1054
 1054 1055
 1054 1056
 1054 1057
 1054 1058
 1053 1059
 1059 1060
 1059 1061
 1059 1062
 1059 1063
 1053 1064
 1064 1065
 1064 1066
 1064 1067
 1053 1068
 1068 1069
 1068 1070
 1068 1071
 1053 1072
 1072 1073
 1072 1074
 1072 1075
 1072 1076
 1072 1077
 1043 1078
 1078 1079
 1078 1080
 1078 1081
 1078 1082
 1078 1083
 1043 1084
 1084 1085
 1084 1086
 1086 400
 1086 1087
 1086 1088
 1084 1089
 1043 1090
 1090 1091
 1090 1092
 1090 1093
 1090 1094
 1090 1095
 1090 1096
 958 1097
 1097 1098
 1098 1099
 1098 1100
 1098 1101
 1098 1102
 1098 1103
 1097 1104
 1104 1105
 1104 1106
 1104 1107
 1104 1108
 1104 1109
 1104 1110
 1104 1111
 1104 1112
 1097 1113
 1113 393
 1113 1114
 1113 282
 1113 1115
 1113 1116
 1097 1117
 1117 1030
 1117 1118
 1117 1119
 1117 1120
 1097 1121
 1097 1122
 1097 1123
 1123 1124
 1123 1125
 1123 1126
 1123 1127
 1097 1128
 1128 1026
 1128 1129
 1128 1130
 1128 1131
 1128 1132
 1128 1133
 1097 1134
 1097 1135
 1097 1136
 958 1137
 1137 1138
 1138 1139
 1139 1140
 1139 1141
 1139 1142
 1139 1143
 1138 1144
 1138 1129
 1138 1145
 1138 1146
 1138 1147
 1137 1148
 1148 1149
 1148 1150
 1148 1151
 1148 1152
 1137 1153
 1153 1154
 1153 1155
 1155 1156
 1155 1157
 1155 1158
 1153 1159
 1153 1160
 1137 1161
 1161 1162
 1162 1163
 1162 1105
 1162 1164
 1162 1165
 1162 1166
 1161 791
 1161 1167
 1167 1168
 1167 1169
 1167 1170
 1167 1107
 1161 1171
 1171 1172
 1171 420
 1171 1173
 1171 1174
 1171 1175
 1171 1176
 1171 1177
 1171 1178
 1137 1179
 1179 1106
 1179 1180
 1179 1181
 1137 1182
 1182 1183
 1182 1184
 1182 1185
 1182 1186
 1182 1187
 1137 1188
 1188 1189
 1189 1190
 1189 1191
 1188 541
 541 542
 541 543
 958 1192
 1192 1193
 1193 1194
 1193 1195
 1193 1196
 1193 1197
 1193 1198
 1193 1199
 1193 1200
 1193 1201
 1192 1202
 1202 1203
 1202 1204
 1202 1205
 1202 1206
 1202 1207
 1192 1208
 1208 1146
 1208 1209
 1208 1210
 1208 1211
 1192 1212
 1212 1213
 1212 1214
 1212 1215
 1212 1216
 1212 1217
 1212 1218
 1212 1219
 1212 1220
 1212 1221
 1192 1222
 1222 1223
 1222 1224
 1222 1225
 1222 1226
 1222 1227
 1222 1228
 1222 1229
 1222 1230
 1222 1231
 1222 1232
 1192 1233
 1233 1234
 1233 1235
 1233 1236
 1233 1237
 1233 1238
 1192 1239
 1239 1240
 1239 1241
 1239 1242
 1239 1243
 1239 1244
 1239 1245
 1239 1246
 1239 1247
 1192 1248
 1248 1249
 1249 1250
 1249 1251
 1249 1252
 1249 1253
 1248 1254
 1254 1255
 1254 1256
 1254 1257
 1254 1258
 1248 1259
 1259 1260
 1259 1261
 1259 1262
 1 1263
 1263 1264
 1264 1265
 1264 1266
 1266 1267
 1266 1268
 1264 1269
 1269 1270
 1269 1271
 1264 1272
 1264 1273
 1264 1274
 1263 1275
 1275 1276
 1275 1277
 1275 1278
 1275 667
 1263 1279
 1279 1280
 1280 1281
 1280 1282
 1280 1283
 1279 1284
 1279 1285
 1279 1286
 1279 1287
 1279 1288
 1263 1289
 1289 1290
 1289 1291
 1291 1292
 1289 1293
 1293 1294
 1293 1295
 1263 1296
 1296 1297
 1296 1298
 1296 1299
 1299 1300
 1296 1301
 1301 1302
 1301 1303
 1296 1304
 1263 1305
 1305 1306
 1306 1307
 1306 1308
 1306 1309
 1305 1310
 1305 1311
 1305 1312
 1305 365
 1305 366
 1305 1313
 1313 1314
 1313 1315
 1305 1316
 1263 361
 361 362
 361 363
 361 364
 361 365
 361 366
 1263 1317
 1317 1318
 1317 1319
 1317 1320
 1317 1321
 1263 1322
 1322 1323
 1322 1324
 1322 1325
 1322 1326
 1322 612
 1263 1327
 1327 1328
 1327 1329
 1327 1330
 1327 1331
 1 1332
 1332 1333
 1333 1334
 1334 1335
 1334 1336
 1334 1337
 1334 1338
 1334 1339
 1334 1340
 1334 1341
 1333 1342
 1342 1343
 1342 1344
 1342 1345
 1342 1346
 1342 1347
 1342 1348
 1342 1349
 1342 1350
 1333 1351
 1351 1352
 1351 33
 1351 39
 1351 1353
 1351 1354
 1351 41
 1351 42
 1333 1355
 1333 1356
 1356 1357
 1356 1358
 1356 1359
 1356 1360
 1333 1361
 1361 1362
 1361 1363
 1361 1364
 1333 1365
 1332 1366
 1366 1367
 1367 1368
 1367 1369
 1367 1370
 1367 1371
 1367 1372
 1367 1373
 1367 1374
 1366 1375
 1366 1376
 1366 1377
 1377 1378
 1332 1379
 1379 1380
 1380 1381
 1380 1382
 1380 1129
 1380 1145
 1380 791
 1380 1147
 1380 1383
 1380 1384
 1380 1385
 1380 1386
 1379 1387
 1387 1388
 1387 1389
 1379 1104
 1104 1105
 1104 1106
 1104 1107
 1104 1108
 1104 1109
 1104 1110
 1104 1111
 1104 1112
 1379 1390
 1379 1391
 1332 1392
 1392 1393
 1393 1394
 1393 1395
 1393 1396
 1392 1397
 1392 1398
 1398 1399
 1398 1400
 1398 1401
 1398 1402
 1398 1403
 1398 1404
 1398 1405
 1398 1406
 1398 1407
 1392 1408
 1392 1409
 1332 1410
 1410 1411
 1411 1412
 1411 1413
 1411 1414
 1411 1415
 1411 1416
 1411 1417
 1410 1418
 1418 1419
 1418 1420
 1418 1421
 1418 1422
 1410 1423
 1423 1424
 1410 1425
 1410 1426
 1410 1427
 1332 1428
 1428 1429
 1428 1430
 1428 1431
 1428 1432
 1428 1433
 1 1434
 1434 1435
 1435 1436
 1436 845
 1436 1437
 1436 1438
 1436 1439
 1436 1440
 1436 1441
 1436 1442
 1436 1443
 1436 1444
 1436 1445
 1436 1446
 1436 1447
 1436 1448
 1435 1449
 1449 1450
 1435 1451
 1451 1452
 1451 1453
 1451 1454
 1451 1455
 1434 1456
 1456 740
 740 741
 740 742
 740 743
 740 744
 740 745
 1456 500
 1434 1457
 1457 1458
 1458 1226
 1458 1459
 1458 1460
 1458 1461
 1458 1462
 1458 1463
 1458 1464
 1458 1465
 1457 1466
 1466 673
 1466 1467
 1466 1468
 1466 1469
 1466 1470
 1466 1471
 1466 1472
 1466 1473
 1466 1474
 1466 1475
 1466 1476
 1466 1477
 1457 1478
 1478 1479
 1478 1480
 1478 1481
 1478 1482
 1478 1483
 1483 286
 1457 1484
 1484 1485
 1484 1486
 1484 1487
 1484 1488
 1484 1489
 1484 1490
 1484 1491
 1457 1492
 1492 1483
 1483 286
 1492 1493
 1492 1494
 1457 1495
 1495 1496
 1495 1497
 1457 1498
 1498 1499
 1498 1500
 1498 1501
 1498 1502
 1457 1503
 1503 1504
 1504 1281
 1504 1505
 1504 1506
 1504 1507
 1504 1508
 1504 1509
 1504 1510
 1504 1511
 1503 1512
 1512 1513
 1512 1514
 1512 1515
 1512 1516
 1512 1517
 1512 1518
 1512 1519
 1503 1520
 1520 1521
 1520 1522
 1520 1523
 1520 1524
 1503 1525
 1525 1526
 1525 1527
 1525 1528
 1525 1529
 1525 1530
 1525 1531
 1525 1532
 1525 1533
 1525 1534
 1525 1535
 1434 1536
 1536 1537
 1537 1538
 1538 1539
 1538 1217
 1538 1540
 1538 1541
 1538 1542
 1538 1543
 1537 1544
 1544 910
 1544 1545
 1544 1546
 1544 1547
 1544 1548
 1544 1549
 1544 1550
 1537 780
 780 781
 780 782
 780 783
 780 784
 780 785
 1537 1551
 1551 1552
 1551 1553
 1551 1554
 1536 1555
 1555 1556
 1555 1557
 1555 1558
 1555 1559
 1555 1560
 1555 1561
 1555 1562
 1536 1563
 1563 1564
 1563 769
 769 770
 769 771
 1563 270
 1563 1565
 1565 1566
 1565 1567
 1563 1568
 1568 1569
 1568 1570
 1568 1571
 1568 1572
 1568 1573
 1568 1574
 1563 1575
 1575 1576
 1563 1577
 1577 1578
 1577 1579
 1577 1580
 1577 1581
 1577 1582
 1563 1583
 1563 1584
 1563 788
 1563 1585
 1563 1586
 1563 1587
 1587 1588
 1563 1589
 1589 1590
 1589 75
 1589 1591
 1589 597
 1589 286
 1589 1592
 1536 1593
 1593 1594
 1594 1595
 1594 1596
 1594 1597
 1594 1598
 1594 1599
 1593 1600
 1600 772
 1600 1601
 1593 1602
 1593 1603
 1593 1604
 1536 1605
 1434 1606
 1606 1607
 1607 1608
 1607 1609
 1607 1610
 1606 1611
 1611 1612
 1611 1613
 1606 1614
 1614 1610
 1614 1615
 1614 1616
 1614 1617
 1614 1618
 1614 1619
 1614 1620
 1614 1621
 1614 1622
 1614 1623
 1614 1624
 1614 1625
 1614 1626
 1614 1627
 1614 1419
 1614 1420
 1614 1628
 1614 1590
 1606 1629
 1629 1630
 1629 1631
 1629 1632
 1606 1633
 1434 1634
 1634 1635
 1635 1517
 1635 1636
 1635 1637
 1635 1638
 1635 1639
 1634 1640
 1640 1641
 1640 1642
 1640 1643
 1640 1644
 1640 1645
 1634 1646
 1646 1515
 1646 1647
 1646 1648
 1646 1649
 1646 1650
 1634 1651
 1651 1652
 1651 1352
 1651 1344
 1651 1653
 1651 1654
 1651 1347
 1634 1655
 1634 1656
 1656 1657
 1656 1658
 1656 1659
 1656 1660
 1656 1661
 1656 1662
 1434 1663
 1663 746
 746 741
 746 742
 1663 501
 1434 1664
 1664 505
 1664 753
 1 1665
 1665 1171
 1171 1172
 1171 420
 1171 1173
 1171 1174
 1171 1175
 1171 1176
 1171 1177
 1171 1178
 1665 1666
 1666 1098
 1098 1099
 1098 1100
 1098 1101
 1098 1102
 1098 1103
 1666 1667
 1667 1668
 1667 1669
 1667 1670
 1667 1671
 1667 1232
 1666 1672
 1672 1673
 1672 1674
 1672 1675
 1666 1676
 1666 1677
 1666 1678
 1666 1679
 1666 1680
 1666 1681
 1666 1682
 1666 1683
 1666 1684
 1666 1685
 1666 1686
 1666 1687
 1687 1688
 1687 1689
 1665 1690
 1690 1691
 1691 1692
 1690 1693
 1690 1694
 1690 1695
 1690 1696
 1696 1697
 1690 1698
 1698 1699
 1690 1700
 1690 1701
 1690 1702
 1702 1692
 1690 1703
 1703 1704
 1665 1705
 1705 1706
 1706 1707
 1706 1708
 1706 1709
 1706 1710
 1706 1711
 1706 1712
 1706 1713
 1706 1714
 1706 1715
 1706 1716
 1705 1717
 1717 1716
 1705 1718
 1705 1719
 1705 1720
 1705 1721
 1705 1722
 1705 1723
 1705 1724
 1724 1725
 1724 1726
 1726 1714
 1724 1727
 1665 1728
 1728 1729
 1729 1730
 1728 1731
 1728 1732
 1728 1733
 1728 1734
 1665 1735
 1735 1736
 1735 1737
 1735 1738
 1735 1739
 1735 1740
 1735 1741
 1665 1742
 1742 1743
 1742 1744
 1742 1745
 1745 1699
 1742 1746
 1742 1747
 1742 1748
 1665 1749
 1749 1134
 1749 1750
 1749 1751
 1751 1752
 1749 1753
 1749 1754
 1749 1755
 1755 1756
 1755 1757
 1749 1758
 1758 1759
 1758 1760
 1758 1761
 1758 1762
 1665 1763
 1763 1764
 1763 1765
 1765 1766
 1765 1767
 1763 1768
 1763 1769
 1769 1770
 1763 1771
 1763 1772
 1763 1773
 1665 1774
 1774 1134
 1774 1775
 1774 1776
 1774 1777
 1774 1778
 1774 1779
 1774 1780
 1774 1781
 1665 1782
 1782 1783
 1782 1784
 1784 1785
 1784 1786
 1784 1787
 1782 1788
 1788 1789
 1788 1790
 1788 1791
 1788 1792
 1788 1793
 1782 1794
 1794 541
 541 542
 541 543
 1794 1795
 1794 1796
 1794 1797
 1794 1798
 1794 1799
 1794 1800
 1 1801
 1801 1802
 1802 1803
 1803 1804
 1803 1805
 1803 1806
 1802 1807
 1807 1808
 1808 1809
 1808 1810
 1808 1811
 1808 1812
 1808 1813
 1808 1814
 1807 1815
 1815 1816
 1815 1817
 1815 1818
 1807 1819
 1819 1820
 1819 1821
 1807 1822
 1822 1823
 1822 1824
 1822 1825
 1807 1826
 1807 429
 1807 1827
 1802 1828
 1828 1829
 1828 1830
 1828 1831
 1828 1832
 1828 1833
 1802 1834
 1834 1835
 1834 1836
 1834 1837
 1834 1838
 1838 1839
 1838 1840
 1840 1841
 1838 1842
 1838 1843
 1838 1844
 1838 1845
 1838 1846
 1834 1847
 1834 1848
 1834 1849
 1834 1850
 1834 1851
 1802 1852
 1852 1853
 1852 1854
 1852 1383
 1852 1855
 1852 1856
 1852 1857
 1852 1858
 1802 1859
 1859 1860
 1859 1853
 1859 1861
 1859 1862
 1859 1863
 1859 1864
 1859 1865
 1801 1866
 1866 1867
 1867 1287
 1867 1868
 1867 612
 1867 1869
 1867 1870
 1867 1871
 1867 1872
 1867 1873
 1867 1874
 1867 1875
 1867 1876
 1867 1304
 1866 1877
 1866 1878
 1878 1879
 1878 1880
 1878 1881
 1878 1882
 1878 1883
 1866 1884
 1884 1885
 1884 1886
 1866 1887
 1887 1888
 1887 1889
 1887 1890
 1887 1891
 1887 1892
 1887 1893
 1866 1894
 1894 1883
 1894 1895
 1894 1896
 1894 1897
 1897 1898
 1897 1899
 1894 1900
 1866 1901
 1901 1293
 1293 1294
 1293 1295
 1901 1902
 1901 1903
 1901 1904
 1866 1905
 1905 1891
 1905 1906
 1866 1907
 1907 1908
 1907 1909
 1907 1910
 1907 1911
 1907 1912
 1907 1913
 1913 1914
 1801 1915
 1915 1916
 1915 1917
 1915 1918
 1918 1919
 1918 1920
 1915 1921
 1915 1922
 1915 1923
 1915 1924
 1915 1925
 1925 1926
 1925 1927
 1925 1928
