3616 3615
1 2
1 3
1 4
1 5
1 6
1 7
1 8
1 9
1 10
1 11
1 12
1 13
1 14
1 15
1 16
1 17
1 18
1 19
1 20
1 21
1 22
1 23
1 24
1 25
1 26
1 27
1 28
1 29
1 30
1 31
1 32
1 33
1 34
1 35
1 36
1 37
1 38
1 39
1 40
1 41
1 42
1 43
1 44
1 45
1 46
1 47
1 48
1 49
1 50
1 51
1 52
1 53
1 54
1 55
1 56
1 57
1 58
1 59
1 60
1 61
1 62
1 63
1 64
1 65
1 66
1 67
1 68
1 69
1 70
1 71
1 72
1 73
1 74
1 75
1 76
1 77
1 78
1 79
1 80
1 81
1 82
1 83
1 84
1 85
1 86
1 87
1 88
1 89
1 90
1 91
1 92
1 93
1 94
1 95
1 96
2 97
2 98
2 99
2 100
2 101
2 102
2 103
2 104
2 105
2 106
2 107
2 108
2 109
2 110
2 111
2 112
2 113
2 114
2 115
3 116
3 117
3 118
3 119
4 120
4 121
4 122
4 123
4 124
5 125
5 126
5 127
5 128
5 129
5 130
6 131
6 132
6 133
6 134
7 135
7 136
7 137
8 138
8 139
9 140
9 141
9 142
10 143
10 144
10 145
10 146
10 147
11 148
11 149
11 150
11 151
11 152
11 153
11 154
11 155
11 156
11 157
11 158
11 159
13 160
13 161
13 162
13 163
13 164
13 165
13 166
13 167
13 168
13 169
13 170
13 171
13 172
13 173
14 174
14 175
14 176
14 177
14 178
14 179
14 180
14 181
14 182
14 183
14 184
14 185
15 186
15 187
15 188
15 189
15 190
15 191
15 192
15 193
15 194
15 195
16 196
16 197
16 198
16 199
17 200
17 201
17 202
17 203
17 204
17 205
17 206
17 207
17 208
17 209
17 210
17 211
17 212
17 213
17 214
18 215
18 216
18 217
18 218
18 219
18 220
19 221
19 222
19 223
19 224
19 225
19 226
19 227
20 228
20 229
20 230
20 231
20 232
20 233
20 234
20 235
20 236
20 237
21 238
21 239
22 240
22 241
22 242
22 243
22 244
23 245
23 246
23 247
23 248
23 249
24 250
24 251
24 252
24 253
24 254
24 255
24 256
24 257
24 258
24 259
25 260
25 261
25 262
26 263
26 264
26 265
26 266
26 267
26 268
26 269
26 270
26 271
26 272
26 273
26 274
26 275
26 276
26 277
26 278
26 279
26 280
26 281
26 282
26 283
26 284
26 285
26 286
26 287
26 288
26 289
27 290
27 291
27 292
27 293
27 294
27 295
27 296
27 297
28 298
28 299
28 300
28 301
29 302
29 303
29 304
29 305
29 306
29 307
29 308
29 309
29 310
29 311
29 312
30 313
30 314
31 315
31 316
31 317
31 318
31 319
31 320
31 321
31 322
31 323
31 324
31 325
31 326
31 327
31 328
31 329
31 330
31 331
31 332
31 333
31 334
31 335
31 336
31 337
31 338
31 339
31 340
31 341
31 342
31 343
31 344
31 345
31 346
31 347
31 348
32 349
32 350
32 351
32 352
32 353
32 354
32 355
32 356
32 357
32 358
32 359
33 360
33 361
33 362
33 363
33 364
33 365
33 366
33 367
33 368
33 369
33 370
33 371
33 372
33 373
33 374
33 375
33 376
33 377
33 378
33 379
33 380
33 381
33 382
33 383
34 384
34 385
34 386
34 387
34 388
34 389
34 390
34 391
34 392
34 393
34 394
34 395
34 396
34 397
34 398
34 399
34 400
34 401
34 402
34 403
34 404
34 405
34 406
34 407
34 408
34 409
34 410
34 411
34 412
34 413
34 414
34 415
34 416
35 417
35 418
35 419
35 420
35 421
35 422
35 423
35 424
35 425
35 426
35 427
35 428
35 429
35 430
35 431
35 432
35 433
35 434
35 435
35 436
35 437
35 438
35 439
35 440
35 441
35 442
35 443
35 444
35 445
35 446
35 447
35 448
35 449
35 450
35 451
35 452
35 453
35 454
35 455
35 456
36 457
36 458
36 459
36 460
36 461
36 462
36 463
36 464
36 465
36 466
36 467
36 468
36 469
36 470
36 471
36 472
36 473
36 474
36 475
36 476
36 477
36 478
36 479
36 480
36 481
36 482
36 483
36 484
36 485
36 486
36 487
36 488
36 489
36 490
36 491
36 492
36 493
36 494
36 495
36 496
36 497
36 498
36 499
36 500
36 501
36 502
36 503
36 504
36 505
36 506
36 507
36 508
36 509
36 510
36 511
36 512
36 513
36 514
37 515
37 516
37 517
37 518
37 519
37 520
37 521
37 522
37 523
37 524
37 525
37 526
37 527
37 528
37 529
37 530
37 531
37 532
37 533
37 534
37 535
37 536
37 537
37 538
38 539
38 540
39 541
39 542
39 543
39 544
39 545
39 546
39 547
39 548
39 549
39 550
39 551
39 552
39 553
39 554
39 555
39 556
39 557
39 558
39 559
39 560
39 561
39 562
39 563
39 564
39 565
39 566
40 567
40 568
40 569
40 570
40 571
40 572
40 573
40 574
40 575
40 576
40 577
40 578
40 579
40 580
40 581
40 582
40 583
40 584
40 585
40 586
40 587
40 588
40 589
41 590
41 591
41 592
41 593
41 594
41 595
41 596
41 597
41 598
41 599
41 600
41 601
41 602
41 603
41 604
41 605
41 606
41 607
41 608
41 609
41 610
41 611
41 612
41 613
41 614
41 615
41 616
42 617
42 618
42 619
42 620
42 621
42 622
42 623
42 624
42 625
42 626
42 627
42 628
42 629
43 630
43 631
44 632
44 633
45 634
45 635
46 636
46 637
47 638
47 639
48 640
48 641
48 642
48 643
48 644
48 645
49 646
49 647
50 648
50 649
50 650
51 651
51 652
51 653
51 654
51 655
52 656
52 657
52 658
52 659
52 660
53 661
53 662
53 663
53 664
54 665
54 666
54 667
55 668
55 669
55 670
56 671
56 672
57 673
57 674
58 675
58 676
58 677
58 678
59 679
59 680
60 681
60 682
60 683
60 684
60 685
61 686
61 687
61 688
61 689
62 690
62 691
62 692
62 693
63 694
63 695
63 696
63 697
63 698
63 699
63 700
63 701
63 702
63 703
63 704
63 705
63 706
63 707
63 708
64 709
64 710
64 711
64 712
65 713
65 714
65 715
66 716
66 717
66 718
66 719
66 720
67 721
67 722
67 723
68 724
68 725
68 726
68 727
68 728
69 729
69 730
69 731
69 732
69 733
70 734
70 735
70 736
70 737
70 738
71 739
71 740
71 741
71 742
71 743
71 744
72 745
72 746
73 747
73 748
73 749
73 750
73 751
73 752
73 753
73 754
73 755
73 756
73 757
73 758
73 759
73 760
73 761
73 762
73 763
73 764
73 765
74 766
74 767
74 768
74 769
74 770
75 771
75 772
75 773
75 774
75 775
75 776
75 777
75 778
75 779
75 780
75 781
76 782
76 783
76 784
76 785
77 786
77 787
77 788
78 789
78 790
78 791
78 792
79 793
79 794
79 795
79 796
80 797
80 798
80 799
81 800
81 801
81 802
81 803
81 804
81 805
81 806
81 807
81 808
81 809
82 810
82 811
82 812
83 813
83 814
83 815
83 816
83 817
83 818
83 819
83 820
83 821
84 822
84 823
84 824
84 825
84 826
84 827
84 828
84 829
85 830
85 831
86 832
86 833
86 834
86 835
87 836
87 837
88 838
88 839
88 840
88 841
88 842
89 843
89 844
89 845
89 846
89 847
89 848
89 849
89 850
89 851
89 852
89 853
90 854
90 855
90 856
90 857
90 858
91 859
91 860
91 861
91 862
91 863
92 864
92 865
93 866
93 867
94 868
94 869
95 870
95 871
97 872
97 873
97 874
97 875
97 876
97 877
97 878
97 879
97 880
98 881
98 882
98 883
99 884
99 885
99 886
99 887
99 888
99 889
99 890
99 891
99 892
99 893
100 894
100 895
100 896
100 897
100 898
100 899
100 900
100 901
100 902
100 903
100 904
101 905
105 906
107 907
108 908
108 909
109 910
109 911
109 912
109 913
110 914
111 915
111 916
111 917
111 918
112 919
112 920
112 921
113 922
113 923
114 924
114 925
116 926
116 927
116 928
117 929
117 930
118 931
119 932
119 933
119 934
119 935
119 936
119 937
119 938
119 939
119 940
120 941
120 942
120 943
120 944
120 945
121 946
121 947
121 948
121 949
121 950
121 951
122 952
122 953
122 954
122 955
122 956
122 957
122 958
122 959
122 960
123 961
123 962
124 963
124 964
124 965
124 966
125 967
125 968
125 969
125 970
125 971
125 972
126 973
126 974
126 975
126 976
126 977
126 978
127 979
127 980
127 981
127 982
127 983
128 984
128 985
128 986
128 987
128 988
129 989
129 990
129 991
129 992
129 993
129 994
130 995
130 996
130 997
130 998
130 999
131 1000
131 1001
131 1002
132 1003
132 1004
133 1005
133 1006
134 1007
135 1008
135 1009
136 1010
136 1011
136 1012
136 1013
136 1014
136 1015
137 1016
140 1017
140 1018
140 1019
141 1020
141 1021
142 1022
142 1023
143 1024
143 1025
143 1026
143 1027
143 1028
143 1029
143 1030
143 1031
143 1032
143 1033
143 1034
143 1035
144 1036
144 1037
144 1038
145 1039
145 1040
145 1041
145 1042
145 1043
146 1044
146 1045
147 1046
147 1047
147 1048
147 1049
147 1050
147 1051
147 1052
147 1053
148 1054
148 1055
149 1056
150 1057
150 1058
151 1059
151 1060
151 1061
152 1062
152 1063
152 1064
153 1065
153 1066
153 1067
153 1068
156 1069
157 1070
158 1071
158 1072
158 1073
159 1074
159 1075
159 1076
160 1077
160 1078
160 1079
160 1080
161 1081
161 1082
161 1083
162 1084
162 1085
162 1086
163 1087
163 1088
163 1089
163 1090
163 1091
164 1092
164 1093
164 1094
164 1095
165 1096
165 1097
165 1098
165 1099
166 1100
166 1101
166 1102
166 1103
166 1104
166 1105
167 1106
167 1107
167 1108
167 1109
167 1110
168 1111
168 1112
168 1113
168 1114
168 1115
168 1116
168 1117
168 1118
168 1119
169 1120
169 1121
169 1122
169 1123
170 1124
170 1125
170 1126
170 1127
170 1128
170 1129
170 1130
170 1131
171 1132
171 1133
171 1134
171 1135
171 1136
172 1137
172 1138
172 1139
173 1140
173 1141
173 1142
173 1143
174 1144
174 1145
174 1146
174 1147
174 1148
175 1149
175 1150
175 1151
175 1152
175 1153
175 1154
175 1155
176 1156
176 1157
176 1158
177 1159
177 1160
178 1161
178 1162
178 1163
178 1164
178 1165
178 1166
178 1167
178 1168
178 1169
178 1170
178 1171
178 1172
178 1173
179 1174
179 1175
179 1176
180 1177
180 1178
180 1179
180 1180
180 1181
181 1182
181 1183
181 1184
182 1185
182 1186
183 1187
183 1188
184 1189
184 1190
184 1191
184 1192
184 1193
184 1194
184 1195
184 1196
184 1197
184 1198
184 1199
185 1200
185 1201
185 1202
186 1203
186 1204
187 1205
187 1206
187 1207
187 1208
188 1209
188 1210
188 1211
189 1212
189 1213
190 1214
191 1215
191 1216
192 1217
193 1218
193 1219
193 1220
193 1221
193 1222
193 1223
193 1224
193 1225
193 1226
193 1227
194 1228
194 1229
195 1230
200 1231
200 1232
200 1233
200 1234
200 1235
201 1236
201 1237
201 1238
201 1239
201 1240
202 1241
202 1242
202 1243
202 1244
202 1245
202 1246
203 1247
203 1248
203 1249
203 1250
203 1251
204 1252
204 1253
204 1254
204 1255
204 1256
204 1257
204 1258
204 1259
204 1260
205 1261
205 1262
205 1263
205 1264
205 1265
205 1266
205 1267
206 1268
206 1269
207 1270
207 1271
207 1272
207 1273
207 1274
207 1275
207 1276
207 1277
207 1278
208 1279
208 1280
208 1281
208 1282
209 1283
209 1284
209 1285
209 1286
209 1287
209 1288
209 1289
210 1290
210 1291
211 1292
211 1293
211 1294
211 1295
212 1296
212 1297
212 1298
212 1299
212 1300
212 1301
212 1302
213 1303
213 1304
213 1305
214 1306
214 1307
214 1308
214 1309
214 1310
214 1311
215 1312
215 1313
215 1314
215 1315
215 1316
215 1317
215 1318
215 1319
215 1320
215 1321
215 1322
215 1323
215 1324
215 1325
215 1326
215 1327
216 1328
216 1329
216 1330
216 1331
216 1332
216 1333
216 1334
216 1335
216 1336
216 1337
216 1338
216 1339
216 1340
216 1341
216 1342
216 1343
216 1344
216 1345
216 1346
217 1347
217 1348
218 1349
218 1350
219 1351
219 1352
219 1353
219 1354
219 1355
219 1356
219 1357
220 1358
220 1359
222 1360
223 1361
223 1362
223 1363
223 1364
223 1365
224 1366
224 1367
224 1368
225 1369
225 1370
226 1371
226 1372
228 1373
228 1374
229 1375
229 1376
229 1377
230 1378
230 1379
230 1380
231 1381
231 1382
232 1383
232 1384
232 1385
233 1386
233 1387
233 1388
234 1389
234 1390
234 1391
235 1392
235 1393
236 1394
236 1395
236 1396
236 1397
237 1398
237 1399
237 1400
237 1401
237 1402
238 1403
238 1404
238 1405
238 1406
238 1407
238 1408
238 1409
238 1410
239 1411
239 1412
239 1413
239 1414
239 1415
240 1416
240 1417
240 1418
241 1419
241 1420
241 1421
241 1422
241 1423
241 1424
242 1425
242 1426
242 1427
242 1428
243 1429
244 1430
244 1431
244 1432
244 1433
244 1434
244 1435
244 1436
244 1437
245 1438
245 1439
245 1440
245 1441
245 1442
246 1443
246 1444
247 1445
248 1446
248 1447
248 1448
249 1449
249 1450
249 1451
250 1452
250 1453
250 1454
250 1455
250 1456
250 1457
250 1458
250 1459
250 1460
250 1461
251 1462
251 1463
252 1464
252 1465
252 1466
252 1467
253 1468
253 1469
254 1470
254 1471
255 1472
255 1473
255 1474
255 1475
255 1476
255 1477
255 1478
256 1479
256 1480
256 1481
256 1482
256 1483
257 1484
257 1485
257 1486
257 1487
257 1488
258 1489
258 1490
258 1491
259 1492
259 1493
259 1494
259 1495
259 1496
259 1497
259 1498
259 1499
259 1500
260 1501
260 1502
260 1503
260 1504
260 1505
260 1506
260 1507
260 1508
260 1509
260 1510
260 1511
261 1512
261 1513
262 1514
262 1515
263 1516
263 1517
263 1518
263 1519
263 1520
263 1521
263 1522
263 1523
263 1524
263 1525
263 1526
263 1527
263 1528
263 1529
263 1530
263 1531
263 1532
263 1533
263 1534
263 1535
263 1536
264 1537
264 1538
264 1539
264 1540
264 1541
264 1542
264 1543
264 1544
264 1545
264 1546
264 1547
264 1548
264 1549
264 1550
264 1551
264 1552
264 1553
264 1554
264 1555
264 1556
264 1557
264 1558
264 1559
264 1560
264 1561
264 1562
264 1563
264 1564
264 1565
264 1566
264 1567
264 1568
265 1569
265 1570
265 1571
265 1572
265 1573
265 1574
265 1575
266 1576
266 1577
266 1578
266 1579
266 1580
266 1581
266 1582
267 1583
267 1584
267 1585
268 1586
269 1587
270 1588
270 1589
270 1590
270 1591
271 1592
271 1593
272 1594
272 1595
272 1596
272 1597
272 1598
272 1599
273 1600
273 1601
274 1602
274 1603
274 1604
275 1605
275 1606
275 1607
275 1608
275 1609
275 1610
275 1611
275 1612
276 1613
276 1614
276 1615
276 1616
276 1617
276 1618
276 1619
276 1620
276 1621
276 1622
276 1623
276 1624
277 1625
277 1626
277 1627
277 1628
277 1629
277 1630
277 1631
277 1632
277 1633
277 1634
277 1635
278 1636
278 1637
278 1638
278 1639
278 1640
278 1641
278 1642
278 1643
278 1644
279 1645
279 1646
279 1647
279 1648
279 1649
279 1650
280 1651
280 1652
280 1653
280 1654
280 1655
280 1656
280 1657
280 1658
281 1659
281 1660
281 1661
281 1662
281 1663
282 1664
282 1665
282 1666
283 1667
283 1668
284 1669
284 1670
284 1671
285 1672
285 1673
285 1674
285 1675
286 1676
286 1677
287 1678
287 1679
287 1680
289 1681
289 1682
289 1683
289 1684
289 1685
289 1686
290 1687
290 1688
290 1689
290 1690
290 1691
290 1692
290 1693
290 1694
290 1695
290 1696
290 1697
290 1698
290 1699
290 1700
290 1701
290 1702
290 1703
290 1704
290 1705
291 1706
291 1707
291 1708
291 1709
291 1710
291 1711
291 1712
291 1713
291 1714
292 1715
292 1716
292 1717
293 1718
293 1719
293 1720
293 1721
293 1722
293 1723
293 1724
293 1725
293 1726
293 1727
293 1728
293 1729
293 1730
294 1731
295 1732
295 1733
295 1734
295 1735
296 1736
296 1737
296 1738
296 1739
296 1740
296 1741
296 1742
296 1743
296 1744
296 1745
297 1746
297 1747
297 1748
297 1749
297 1750
299 1751
299 1752
300 1753
300 1754
300 1755
300 1756
300 1757
300 1758
300 1759
300 1760
300 1761
301 1762
301 1763
301 1764
301 1765
301 1766
302 1767
302 1768
302 1769
302 1770
302 1771
302 1772
303 1773
303 1774
304 1775
304 1776
304 1777
305 1778
305 1779
305 1780
306 1781
306 1782
307 1783
307 1784
308 1785
308 1786
309 1787
310 1788
310 1789
310 1790
310 1791
311 1792
311 1793
312 1794
312 1795
313 1796
313 1797
313 1798
313 1799
313 1800
313 1801
313 1802
313 1803
313 1804
313 1805
313 1806
313 1807
313 1808
313 1809
314 1810
315 1811
315 1812
316 1813
316 1814
317 1815
317 1816
317 1817
317 1818
317 1819
317 1820
317 1821
317 1822
317 1823
318 1824
318 1825
318 1826
318 1827
319 1828
319 1829
319 1830
319 1831
320 1832
320 1833
320 1834
321 1835
321 1836
321 1837
321 1838
321 1839
321 1840
321 1841
321 1842
322 1843
322 1844
322 1845
322 1846
322 1847
322 1848
322 1849
322 1850
322 1851
322 1852
323 1853
323 1854
323 1855
323 1856
324 1857
324 1858
325 1859
325 1860
325 1861
325 1862
326 1863
326 1864
326 1865
326 1866
327 1867
327 1868
327 1869
328 1870
328 1871
328 1872
328 1873
328 1874
329 1875
329 1876
329 1877
329 1878
330 1879
330 1880
331 1881
331 1882
331 1883
331 1884
331 1885
331 1886
331 1887
332 1888
332 1889
332 1890
332 1891
332 1892
332 1893
332 1894
333 1895
333 1896
333 1897
333 1898
334 1899
334 1900
335 1901
335 1902
335 1903
335 1904
336 1905
336 1906
336 1907
338 1908
338 1909
339 1910
340 1911
340 1912
341 1913
341 1914
342 1915
342 1916
343 1917
343 1918
343 1919
343 1920
344 1921
344 1922
344 1923
344 1924
345 1925
345 1926
345 1927
345 1928
346 1929
346 1930
347 1931
347 1932
349 1933
350 1934
350 1935
350 1936
353 1937
353 1938
354 1939
354 1940
354 1941
354 1942
354 1943
354 1944
354 1945
354 1946
355 1947
355 1948
355 1949
355 1950
355 1951
355 1952
355 1953
355 1954
356 1955
356 1956
356 1957
356 1958
356 1959
356 1960
356 1961
356 1962
356 1963
356 1964
356 1965
356 1966
356 1967
356 1968
356 1969
356 1970
356 1971
356 1972
356 1973
356 1974
356 1975
356 1976
357 1977
357 1978
358 1979
358 1980
359 1981
359 1982
360 1983
360 1984
360 1985
361 1986
361 1987
361 1988
362 1989
364 1990
365 1991
365 1992
365 1993
365 1994
369 1995
369 1996
369 1997
370 1998
370 1999
370 2000
370 2001
370 2002
370 2003
370 2004
370 2005
371 2006
371 2007
371 2008
372 2009
372 2010
373 2011
373 2012
373 2013
373 2014
374 2015
374 2016
374 2017
375 2018
375 2019
375 2020
376 2021
376 2022
377 2023
377 2024
378 2025
378 2026
379 2027
379 2028
380 2029
380 2030
380 2031
380 2032
381 2033
381 2034
381 2035
381 2036
381 2037
381 2038
381 2039
381 2040
382 2041
382 2042
382 2043
383 2044
383 2045
383 2046
383 2047
383 2048
383 2049
383 2050
383 2051
383 2052
384 2053
384 2054
384 2055
385 2056
385 2057
385 2058
386 2059
386 2060
386 2061
387 2062
387 2063
387 2064
387 2065
387 2066
387 2067
387 2068
387 2069
387 2070
388 2071
388 2072
388 2073
390 2074
390 2075
390 2076
390 2077
391 2078
392 2079
392 2080
392 2081
393 2082
393 2083
394 2084
394 2085
395 2086
395 2087
395 2088
395 2089
395 2090
395 2091
395 2092
395 2093
395 2094
395 2095
395 2096
395 2097
395 2098
395 2099
396 2100
396 2101
396 2102
397 2103
397 2104
397 2105
397 2106
397 2107
398 2108
398 2109
398 2110
398 2111
399 2112
399 2113
400 2114
400 2115
401 2116
401 2117
401 2118
401 2119
401 2120
402 2121
402 2122
402 2123
402 2124
402 2125
403 2126
403 2127
403 2128
404 2129
404 2130
404 2131
404 2132
404 2133
406 2134
406 2135
406 2136
406 2137
407 2138
407 2139
407 2140
407 2141
408 2142
408 2143
408 2144
408 2145
409 2146
409 2147
410 2148
410 2149
411 2150
411 2151
411 2152
411 2153
411 2154
411 2155
412 2156
412 2157
412 2158
413 2159
414 2160
414 2161
415 2162
415 2163
417 2164
417 2165
417 2166
417 2167
418 2168
418 2169
418 2170
418 2171
418 2172
418 2173
419 2174
419 2175
419 2176
420 2177
420 2178
422 2179
422 2180
422 2181
422 2182
422 2183
422 2184
422 2185
422 2186
422 2187
422 2188
423 2189
423 2190
423 2191
423 2192
424 2193
424 2194
425 2195
425 2196
425 2197
426 2198
426 2199
426 2200
426 2201
426 2202
427 2203
427 2204
427 2205
427 2206
428 2207
428 2208
428 2209
428 2210
428 2211
429 2212
429 2213
429 2214
429 2215
429 2216
429 2217
429 2218
429 2219
430 2220
430 2221
430 2222
430 2223
430 2224
430 2225
431 2226
431 2227
431 2228
432 2229
432 2230
432 2231
433 2232
433 2233
433 2234
433 2235
433 2236
433 2237
434 2238
434 2239
434 2240
435 2241
435 2242
436 2243
436 2244
436 2245
437 2246
437 2247
437 2248
437 2249
438 2250
438 2251
438 2252
439 2253
439 2254
439 2255
439 2256
440 2257
440 2258
440 2259
441 2260
441 2261
441 2262
441 2263
441 2264
441 2265
441 2266
442 2267
442 2268
443 2269
443 2270
443 2271
443 2272
443 2273
443 2274
443 2275
443 2276
443 2277
443 2278
443 2279
443 2280
444 2281
444 2282
444 2283
445 2284
445 2285
445 2286
445 2287
445 2288
445 2289
446 2290
446 2291
446 2292
446 2293
446 2294
446 2295
446 2296
447 2297
447 2298
447 2299
447 2300
447 2301
448 2302
448 2303
448 2304
448 2305
449 2306
449 2307
449 2308
450 2309
450 2310
450 2311
450 2312
450 2313
451 2314
451 2315
451 2316
451 2317
452 2318
452 2319
452 2320
454 2321
454 2322
454 2323
454 2324
455 2325
455 2326
455 2327
456 2328
456 2329
457 2330
457 2331
457 2332
457 2333
457 2334
457 2335
457 2336
457 2337
458 2338
458 2339
458 2340
458 2341
458 2342
458 2343
458 2344
458 2345
458 2346
459 2347
459 2348
459 2349
459 2350
459 2351
459 2352
459 2353
459 2354
459 2355
460 2356
460 2357
460 2358
460 2359
460 2360
460 2361
460 2362
460 2363
460 2364
460 2365
460 2366
461 2367
461 2368
461 2369
461 2370
462 2371
462 2372
462 2373
462 2374
462 2375
463 2376
463 2377
463 2378
463 2379
463 2380
464 2381
464 2382
464 2383
464 2384
464 2385
464 2386
464 2387
464 2388
464 2389
464 2390
464 2391
464 2392
464 2393
464 2394
465 2395
465 2396
465 2397
465 2398
465 2399
465 2400
465 2401
466 2402
466 2403
466 2404
467 2405
467 2406
467 2407
467 2408
467 2409
467 2410
468 2411
469 2412
469 2413
470 2414
470 2415
470 2416
470 2417
470 2418
471 2419
471 2420
471 2421
472 2422
472 2423
472 2424
473 2425
473 2426
474 2427
474 2428
474 2429
474 2430
474 2431
474 2432
474 2433
474 2434
474 2435
475 2436
475 2437
477 2438
477 2439
477 2440
477 2441
477 2442
478 2443
478 2444
478 2445
478 2446
478 2447
479 2448
479 2449
479 2450
479 2451
479 2452
480 2453
480 2454
480 2455
480 2456
480 2457
480 2458
481 2459
481 2460
481 2461
482 2462
482 2463
482 2464
482 2465
483 2466
483 2467
483 2468
484 2469
484 2470
484 2471
484 2472
484 2473
484 2474
484 2475
484 2476
484 2477
484 2478
484 2479
484 2480
484 2481
484 2482
484 2483
484 2484
484 2485
484 2486
485 2487
485 2488
485 2489
485 2490
486 2491
486 2492
486 2493
486 2494
486 2495
487 2496
487 2497
487 2498
487 2499
488 2500
488 2501
488 2502
488 2503
488 2504
488 2505
488 2506
488 2507
488 2508
488 2509
489 2510
489 2511
490 2512
490 2513
490 2514
491 2515
491 2516
492 2517
492 2518
492 2519
493 2520
493 2521
493 2522
493 2523
493 2524
493 2525
493 2526
493 2527
493 2528
494 2529
494 2530
494 2531
494 2532
494 2533
494 2534
494 2535
495 2536
495 2537
495 2538
495 2539
495 2540
496 2541
496 2542
496 2543
496 2544
496 2545
497 2546
497 2547
497 2548
497 2549
497 2550
497 2551
497 2552
498 2553
498 2554
499 2555
499 2556
499 2557
499 2558
499 2559
499 2560
499 2561
499 2562
499 2563
499 2564
499 2565
499 2566
499 2567
500 2568
500 2569
500 2570
500 2571
500 2572
500 2573
500 2574
500 2575
501 2576
501 2577
501 2578
501 2579
502 2580
502 2581
502 2582
502 2583
502 2584
502 2585
502 2586
502 2587
503 2588
503 2589
503 2590
503 2591
503 2592
503 2593
503 2594
503 2595
503 2596
503 2597
503 2598
503 2599
504 2600
504 2601
504 2602
504 2603
504 2604
505 2605
505 2606
505 2607
506 2608
506 2609
506 2610
506 2611
506 2612
507 2613
507 2614
507 2615
508 2616
508 2617
508 2618
508 2619
508 2620
509 2621
509 2622
509 2623
509 2624
509 2625
510 2626
510 2627
510 2628
510 2629
510 2630
510 2631
510 2632
510 2633
510 2634
510 2635
511 2636
511 2637
511 2638
511 2639
512 2640
512 2641
512 2642
513 2643
513 2644
515 2645
515 2646
515 2647
515 2648
515 2649
515 2650
516 2651
516 2652
517 2653
517 2654
517 2655
517 2656
518 2657
518 2658
518 2659
518 2660
518 2661
518 2662
518 2663
518 2664
519 2665
519 2666
519 2667
519 2668
520 2669
520 2670
521 2671
521 2672
522 2673
522 2674
523 2675
523 2676
524 2677
524 2678
525 2679
525 2680
525 2681
525 2682
526 2683
526 2684
527 2685
527 2686
528 2687
529 2688
529 2689
529 2690
529 2691
530 2692
530 2693
531 2694
532 2695
532 2696
532 2697
532 2698
532 2699
532 2700
533 2701
533 2702
533 2703
534 2704
534 2705
534 2706
534 2707
535 2708
536 2709
536 2710
536 2711
536 2712
537 2713
537 2714
538 2715
538 2716
539 2717
539 2718
539 2719
539 2720
539 2721
540 2722
540 2723
540 2724
540 2725
540 2726
540 2727
540 2728
540 2729
540 2730
541 2731
541 2732
542 2733
542 2734
542 2735
543 2736
543 2737
543 2738
543 2739
543 2740
543 2741
543 2742
543 2743
544 2744
544 2745
544 2746
544 2747
544 2748
545 2749
545 2750
546 2751
546 2752
546 2753
546 2754
546 2755
547 2756
547 2757
547 2758
547 2759
548 2760
548 2761
548 2762
548 2763
548 2764
548 2765
549 2766
549 2767
549 2768
549 2769
550 2770
550 2771
551 2772
551 2773
552 2774
552 2775
552 2776
552 2777
552 2778
552 2779
553 2780
553 2781
553 2782
553 2783
553 2784
553 2785
553 2786
554 2787
554 2788
554 2789
554 2790
555 2791
555 2792
555 2793
556 2794
556 2795
557 2796
557 2797
557 2798
557 2799
557 2800
557 2801
557 2802
558 2803
558 2804
558 2805
559 2806
559 2807
560 2808
560 2809
561 2810
561 2811
562 2812
562 2813
562 2814
562 2815
562 2816
562 2817
562 2818
563 2819
563 2820
563 2821
563 2822
563 2823
563 2824
563 2825
564 2826
564 2827
564 2828
564 2829
564 2830
564 2831
564 2832
564 2833
564 2834
565 2835
565 2836
565 2837
565 2838
565 2839
565 2840
566 2841
566 2842
566 2843
567 2844
567 2845
567 2846
567 2847
567 2848
567 2849
567 2850
568 2851
568 2852
569 2853
569 2854
569 2855
569 2856
570 2857
570 2858
571 2859
571 2860
571 2861
572 2862
572 2863
572 2864
572 2865
573 2866
573 2867
573 2868
573 2869
574 2870
574 2871
574 2872
574 2873
575 2874
575 2875
576 2876
576 2877
576 2878
576 2879
576 2880
577 2881
577 2882
577 2883
577 2884
577 2885
578 2886
578 2887
578 2888
579 2889
579 2890
579 2891
579 2892
580 2893
580 2894
580 2895
580 2896
580 2897
581 2898
581 2899
581 2900
581 2901
582 2902
582 2903
582 2904
582 2905
583 2906
583 2907
583 2908
585 2909
585 2910
585 2911
585 2912
585 2913
585 2914
585 2915
586 2916
587 2917
587 2918
587 2919
587 2920
587 2921
587 2922
588 2923
588 2924
588 2925
588 2926
588 2927
589 2928
590 2929
590 2930
591 2931
591 2932
591 2933
591 2934
591 2935
591 2936
591 2937
592 2938
592 2939
592 2940
592 2941
592 2942
592 2943
592 2944
592 2945
592 2946
593 2947
593 2948
593 2949
593 2950
593 2951
593 2952
593 2953
593 2954
593 2955
593 2956
594 2957
594 2958
594 2959
594 2960
594 2961
594 2962
594 2963
594 2964
594 2965
594 2966
595 2967
595 2968
595 2969
595 2970
595 2971
595 2972
595 2973
596 2974
596 2975
596 2976
597 2977
597 2978
597 2979
597 2980
598 2981
598 2982
598 2983
599 2984
599 2985
599 2986
599 2987
599 2988
599 2989
599 2990
599 2991
599 2992
599 2993
600 2994
600 2995
601 2996
601 2997
601 2998
602 2999
602 3000
602 3001
602 3002
603 3003
603 3004
604 3005
604 3006
604 3007
605 3008
605 3009
605 3010
605 3011
605 3012
605 3013
605 3014
605 3015
605 3016
606 3017
607 3018
607 3019
607 3020
607 3021
607 3022
607 3023
607 3024
607 3025
607 3026
608 3027
608 3028
608 3029
608 3030
608 3031
608 3032
608 3033
609 3034
609 3035
609 3036
609 3037
610 3038
610 3039
610 3040
610 3041
610 3042
611 3043
611 3044
611 3045
611 3046
612 3047
612 3048
612 3049
613 3050
613 3051
614 3052
614 3053
614 3054
614 3055
614 3056
615 3057
615 3058
616 3059
616 3060
616 3061
616 3062
617 3063
617 3064
618 3065
618 3066
618 3067
618 3068
618 3069
618 3070
618 3071
619 3072
619 3073
619 3074
619 3075
619 3076
620 3077
620 3078
621 3079
622 3080
622 3081
622 3082
622 3083
623 3084
623 3085
624 3086
624 3087
624 3088
625 3089
625 3090
625 3091
625 3092
625 3093
625 3094
625 3095
626 3096
627 3097
627 3098
627 3099
627 3100
627 3101
627 3102
627 3103
627 3104
627 3105
627 3106
627 3107
627 3108
627 3109
627 3110
628 3111
628 3112
630 3113
630 3114
630 3115
630 3116
630 3117
630 3118
631 3119
631 3120
631 3121
631 3122
631 3123
632 3124
632 3125
633 3126
638 3127
638 3128
638 3129
639 3130
639 3131
639 3132
639 3133
639 3134
639 3135
639 3136
647 3137
648 3138
648 3139
651 3140
652 3141
652 3142
653 3143
653 3144
655 3145
655 3146
655 3147
655 3148
656 3149
656 3150
657 3151
659 3152
659 3153
660 3154
661 3155
663 3156
663 3157
665 3158
665 3159
666 3160
666 3161
666 3162
667 3163
667 3164
668 3165
668 3166
669 3167
669 3168
670 3169
670 3170
670 3171
673 3172
673 3173
674 3174
674 3175
674 3176
674 3177
674 3178
681 3179
681 3180
681 3181
681 3182
683 3183
683 3184
684 3185
684 3186
685 3187
686 3188
686 3189
686 3190
690 3191
691 3192
691 3193
692 3194
692 3195
692 3196
692 3197
692 3198
692 3199
693 3200
694 3201
694 3202
694 3203
694 3204
695 3205
695 3206
695 3207
695 3208
695 3209
695 3210
695 3211
695 3212
695 3213
696 3214
696 3215
696 3216
697 3217
697 3218
697 3219
697 3220
697 3221
698 3222
698 3223
698 3224
698 3225
698 3226
698 3227
698 3228
698 3229
698 3230
698 3231
698 3232
698 3233
699 3234
699 3235
699 3236
700 3237
700 3238
700 3239
701 3240
701 3241
701 3242
702 3243
702 3244
703 3245
703 3246
703 3247
703 3248
703 3249
703 3250
703 3251
703 3252
703 3253
703 3254
704 3255
704 3256
705 3257
705 3258
705 3259
705 3260
705 3261
705 3262
705 3263
705 3264
705 3265
706 3266
706 3267
706 3268
706 3269
706 3270
706 3271
706 3272
706 3273
706 3274
706 3275
707 3276
707 3277
708 3278
709 3279
709 3280
709 3281
710 3282
710 3283
710 3284
710 3285
710 3286
710 3287
710 3288
710 3289
710 3290
710 3291
710 3292
710 3293
710 3294
710 3295
710 3296
710 3297
710 3298
710 3299
710 3300
710 3301
710 3302
710 3303
710 3304
710 3305
710 3306
710 3307
710 3308
711 3309
711 3310
711 3311
713 3312
713 3313
714 3314
714 3315
716 3316
716 3317
720 3318
722 3319
722 3320
722 3321
722 3322
722 3323
724 3324
726 3325
726 3326
727 3327
727 3328
729 3329
729 3330
730 3331
733 3332
734 3333
735 3334
735 3335
739 3336
739 3337
739 3338
739 3339
741 3340
741 3341
741 3342
741 3343
743 3344
744 3345
745 3346
745 3347
748 3348
748 3349
748 3350
748 3351
749 3352
749 3353
749 3354
749 3355
750 3356
750 3357
750 3358
750 3359
750 3360
750 3361
751 3362
751 3363
752 3364
756 3365
756 3366
757 3367
757 3368
757 3369
757 3370
758 3371
758 3372
758 3373
758 3374
759 3375
759 3376
759 3377
759 3378
759 3379
759 3380
759 3381
759 3382
759 3383
759 3384
759 3385
759 3386
761 3387
761 3388
761 3389
762 3390
762 3391
762 3392
762 3393
763 3394
763 3395
763 3396
763 3397
764 3398
764 3399
764 3400
765 3401
765 3402
765 3403
765 3404
765 3405
765 3406
765 3407
765 3408
771 3409
771 3410
772 3411
772 3412
772 3413
772 3414
773 3415
773 3416
773 3417
774 3418
775 3419
775 3420
775 3421
775 3422
775 3423
775 3424
775 3425
775 3426
775 3427
775 3428
776 3429
776 3430
776 3431
776 3432
776 3433
776 3434
777 3435
777 3436
777 3437
777 3438
777 3439
777 3440
777 3441
777 3442
777 3443
779 3444
779 3445
779 3446
779 3447
779 3448
779 3449
779 3450
779 3451
779 3452
779 3453
779 3454
779 3455
779 3456
779 3457
779 3458
779 3459
779 3460
779 3461
779 3462
779 3463
779 3464
779 3465
779 3466
779 3467
780 3468
781 3469
781 3470
782 3471
786 3472
786 3473
786 3474
786 3475
790 3476
790 3477
792 3478
793 3479
793 3480
793 3481
793 3482
794 3483
794 3484
794 3485
794 3486
795 3487
795 3488
795 3489
796 3490
796 3491
796 3492
797 3493
797 3494
797 3495
797 3496
798 3497
798 3498
798 3499
799 3500
799 3501
799 3502
800 3503
802 3504
802 3505
802 3506
803 3507
803 3508
804 3509
806 3510
808 3511
808 3512
809 3513
810 3514
810 3515
810 3516
810 3517
811 3518
811 3519
811 3520
812 3521
816 3522
816 3523
817 3524
822 3525
829 3526
831 3527
835 3528
835 3529
835 3530
835 3531
835 3532
836 3533
836 3534
837 3535
837 3536
837 3537
837 3538
837 3539
837 3540
838 3541
838 3542
838 3543
838 3544
839 3545
839 3546
839 3547
839 3548
840 3549
840 3550
840 3551
841 3552
841 3553
841 3554
841 3555
841 3556
842 3557
842 3558
842 3559
843 3560
843 3561
843 3562
843 3563
843 3564
847 3565
847 3566
847 3567
848 3568
848 3569
848 3570
848 3571
848 3572
848 3573
848 3574
848 3575
848 3576
848 3577
849 3578
849 3579
849 3580
849 3581
849 3582
849 3583
851 3584
852 3585
852 3586
852 3587
852 3588
853 3589
853 3590
853 3591
853 3592
854 3593
854 3594
855 3595
855 3596
855 3597
856 3598
856 3599
857 3600
857 3601
857 3602
857 3603
858 3604
864 3605
864 3606
864 3607
864 3608
864 3609
864 3610
864 3611
868 3612
868 3613
868 3614
869 3615
869 3616
