1587 5343
1 56
2 57
3 58
3 59
4 60
4 61
5 62
5 582
5 586
5 786
5 1342
5 1343
5 1482
5 1483
5 1484
5 1533
5 1534
5 1535
6 63
7 63
7 64
7 65
7 66
7 67
7 68
7 69
7 70
7 71
7 72
7 73
7 74
7 75
7 76
7 77
7 78
7 79
7 80
7 81
7 82
7 83
7 84
7 85
7 86
7 87
7 88
7 89
7 90
7 91
7 92
7 93
7 94
7 95
7 96
7 97
7 98
7 99
7 100
7 101
7 102
7 103
7 104
7 105
7 106
7 107
7 108
7 109
7 110
7 111
7 112
7 113
7 114
7 115
7 116
7 117
7 118
7 119
7 120
7 121
7 122
7 123
7 124
7 125
7 126
7 127
7 128
7 129
7 130
7 131
7 132
7 133
7 134
7 135
7 136
7 137
7 138
7 139
7 140
7 141
7 142
7 143
7 144
7 145
7 146
7 147
7 148
7 149
7 150
7 151
7 152
7 153
7 154
7 155
7 156
7 157
7 158
7 159
7 160
7 161
7 162
7 163
7 164
7 165
7 166
7 167
7 168
7 169
7 170
7 171
7 172
7 173
7 174
7 175
7 176
7 177
7 178
7 179
7 180
7 181
7 182
7 183
7 184
7 185
7 186
7 187
7 188
7 189
7 190
7 191
7 192
7 193
7 194
7 195
7 196
7 197
7 198
7 199
7 200
7 201
7 202
7 203
7 204
7 205
7 206
7 207
7 208
7 209
7 210
7 211
7 212
7 213
7 214
7 215
7 216
7 217
7 218
7 219
7 220
7 221
7 222
7 223
7 224
7 225
7 226
7 227
7 228
7 229
7 230
7 231
7 232
7 233
7 234
7 235
7 236
7 237
7 238
7 239
7 240
7 241
7 242
7 243
7 244
7 245
7 246
7 247
7 248
7 249
7 250
7 251
7 252
7 253
7 254
7 255
7 256
7 257
7 258
7 259
7 260
7 261
7 262
7 263
7 264
7 265
7 266
7 267
7 268
7 269
7 270
7 271
7 272
7 273
7 274
7 275
7 276
7 277
7 278
7 279
7 280
7 281
7 282
7 283
7 284
7 285
7 286
7 287
7 288
7 289
7 290
7 291
7 292
7 293
7 294
7 295
7 296
7 297
7 298
7 299
7 300
7 301
7 302
7 303
7 304
7 305
7 306
7 307
7 308
7 309
7 310
7 311
7 312
7 313
7 314
7 315
7 316
7 317
7 318
7 319
7 320
7 321
7 322
7 323
7 324
7 325
7 326
7 327
7 328
7 329
7 330
7 331
7 332
7 333
7 334
7 335
7 336
7 337
7 338
7 339
7 340
7 341
7 342
7 343
7 344
7 345
7 346
7 347
7 348
7 349
7 350
7 351
7 352
7 353
7 354
7 355
7 356
7 357
7 358
7 359
7 360
7 361
7 362
7 363
7 364
7 365
7 366
7 367
7 368
7 369
7 370
7 371
7 372
7 373
7 374
7 375
7 376
7 377
7 378
7 379
7 380
7 381
7 382
7 383
7 384
7 385
7 386
7 387
7 388
7 389
7 390
7 391
7 392
7 393
7 394
7 395
7 396
7 397
7 398
7 399
7 400
7 401
7 402
7 403
7 404
7 405
7 406
7 407
7 408
7 409
7 410
7 411
7 412
7 413
7 414
7 415
7 416
7 417
7 418
7 419
7 420
7 421
7 422
7 423
7 424
7 425
7 426
7 427
7 428
7 429
7 430
7 431
7 432
7 433
7 434
7 435
7 436
7 437
7 438
7 439
7 440
7 441
7 442
7 443
7 444
7 445
7 446
7 447
7 448
7 449
7 450
7 451
7 452
7 453
7 454
7 455
7 456
7 457
7 458
7 459
7 460
7 461
7 462
7 463
7 464
7 465
7 466
7 467
7 468
7 469
7 470
7 471
7 472
7 473
7 474
7 475
7 476
7 477
7 478
7 479
7 480
7 481
7 482
7 483
7 484
7 485
7 486
7 487
7 488
7 489
7 490
7 491
7 492
7 493
7 494
7 495
7 496
7 497
7 498
7 499
7 500
7 501
7 502
7 503
7 504
7 505
7 506
7 507
7 508
7 509
7 510
7 511
7 512
7 513
7 514
7 515
7 516
7 517
7 518
7 519
7 520
7 521
7 522
7 523
7 524
7 525
7 526
7 527
7 528
7 529
7 530
7 531
7 532
7 533
7 534
7 535
7 536
7 537
7 538
7 539
7 540
7 541
7 542
7 543
7 544
7 545
7 546
7 547
7 548
7 549
7 550
7 551
7 552
7 553
7 554
7 555
7 556
7 557
7 558
7 559
7 560
7 561
7 562
7 563
7 564
7 565
7 566
7 567
7 568
7 569
7 570
7 571
7 572
7 573
7 574
7 575
7 576
7 577
7 578
7 579
7 580
7 581
7 582
7 583
7 584
7 585
7 586
7 587
7 588
7 589
7 590
7 591
7 592
7 593
7 594
7 595
7 596
7 597
7 598
7 599
7 600
7 601
7 602
7 603
7 604
7 605
7 606
7 607
7 608
7 609
7 610
7 611
7 612
7 613
7 614
7 615
7 616
7 617
7 618
7 619
7 620
7 621
7 622
7 623
7 624
7 625
7 626
7 627
7 628
7 629
7 630
7 631
7 632
7 633
7 634
7 635
7 636
7 637
7 638
7 639
7 640
7 641
7 642
7 643
7 644
7 645
7 646
7 647
7 648
7 649
7 650
7 651
7 652
7 653
7 654
7 655
7 656
7 657
7 658
7 659
7 660
7 661
7 662
7 663
7 664
7 665
7 666
7 667
7 668
7 669
7 670
7 671
7 672
7 673
7 674
7 675
7 676
7 677
7 678
7 679
7 680
7 681
7 682
7 683
7 684
7 685
7 686
7 687
7 688
7 689
7 690
7 691
7 692
7 693
7 694
7 695
7 696
7 697
7 698
7 699
7 700
7 701
7 702
7 703
7 704
7 705
7 706
7 707
7 708
7 709
7 710
7 711
7 712
7 713
7 714
7 715
7 716
7 717
7 718
7 719
7 720
7 721
7 722
7 723
7 724
7 725
7 726
7 727
7 728
7 729
7 730
7 731
7 732
7 733
7 734
7 735
7 736
7 737
7 738
7 739
7 740
7 741
7 742
7 743
7 744
7 745
7 746
7 747
7 748
7 749
7 750
7 751
7 752
7 753
7 754
7 755
7 756
7 757
7 758
7 759
7 760
7 761
7 762
7 763
7 764
7 765
7 766
7 767
7 768
7 769
7 770
7 771
7 772
7 773
7 774
7 775
7 776
7 777
7 778
7 779
7 780
7 781
7 782
7 783
7 784
7 785
7 786
7 787
7 788
7 789
7 790
7 791
7 792
7 793
7 794
7 795
7 796
7 797
7 798
7 799
7 800
7 801
7 802
7 803
7 804
7 805
7 806
7 807
7 808
7 809
7 810
7 811
7 812
7 813
7 814
7 815
7 816
7 817
7 818
7 819
7 820
7 821
7 822
7 823
7 824
7 825
7 826
7 827
7 828
7 829
7 830
7 831
7 832
7 833
7 834
7 835
7 836
7 837
7 838
7 839
7 840
7 841
7 842
7 843
7 844
7 845
7 846
7 847
7 848
7 849
7 850
7 851
7 852
7 853
7 854
7 855
7 856
7 857
7 858
7 859
7 860
7 861
7 862
7 863
7 864
7 865
7 866
7 867
7 868
7 869
7 870
7 871
7 872
7 873
7 874
7 875
7 876
7 877
7 878
7 879
7 880
7 881
7 882
7 883
7 884
7 885
7 886
7 887
7 888
7 889
7 890
7 891
7 892
7 893
7 894
7 895
7 896
7 897
7 898
7 899
7 900
7 901
7 902
7 903
7 904
7 905
7 906
7 907
7 908
7 909
7 910
7 911
7 912
7 913
7 914
7 915
7 916
7 917
7 918
7 919
7 920
7 921
7 922
7 923
7 924
7 925
7 926
7 927
7 928
7 929
7 930
7 931
7 932
7 933
7 934
7 935
7 936
7 937
7 938
7 939
7 940
7 941
7 942
7 943
7 944
7 945
7 946
7 947
7 948
7 949
7 950
7 951
7 952
7 953
7 954
7 955
7 956
7 957
7 958
7 959
7 960
7 961
7 962
7 963
7 964
7 965
7 966
7 967
7 968
7 969
7 970
7 971
7 972
7 973
7 974
7 975
7 976
7 977
7 978
7 979
7 980
7 981
7 982
7 983
7 984
7 985
7 986
7 987
7 988
7 989
7 990
7 991
7 992
7 993
7 994
7 995
7 996
7 997
7 998
7 999
7 1000
7 1001
7 1002
7 1003
7 1004
7 1005
7 1006
7 1007
7 1008
7 1009
7 1010
7 1011
7 1012
7 1013
7 1014
7 1015
7 1016
7 1017
7 1018
7 1019
7 1020
7 1021
7 1022
7 1023
7 1024
7 1025
7 1026
7 1027
7 1028
7 1029
7 1030
7 1031
7 1032
7 1033
7 1034
7 1035
7 1036
7 1037
7 1038
7 1039
7 1040
7 1041
7 1042
7 1043
7 1044
7 1045
7 1046
7 1047
7 1048
7 1049
7 1050
7 1051
7 1052
7 1053
7 1054
7 1055
7 1056
7 1057
7 1058
7 1059
7 1060
7 1061
7 1062
7 1063
7 1064
7 1065
7 1066
7 1067
7 1068
7 1069
7 1070
7 1071
7 1072
7 1073
7 1074
7 1075
7 1076
7 1077
7 1078
7 1079
7 1080
7 1081
7 1082
7 1083
7 1084
7 1085
7 1086
7 1087
7 1088
7 1089
7 1090
7 1091
7 1092
7 1093
7 1094
7 1095
7 1096
7 1097
7 1098
7 1099
7 1100
7 1101
7 1102
7 1103
7 1104
7 1105
7 1106
7 1107
7 1108
7 1109
7 1110
7 1111
7 1112
7 1113
7 1114
7 1115
7 1116
7 1117
7 1118
7 1119
7 1120
7 1121
7 1122
7 1123
7 1124
7 1125
7 1126
7 1127
7 1128
7 1129
7 1130
7 1131
7 1132
7 1133
7 1134
7 1135
7 1136
7 1137
7 1138
7 1139
7 1140
7 1141
7 1142
7 1143
7 1144
7 1145
7 1146
7 1147
7 1148
7 1149
7 1150
7 1151
7 1152
7 1153
7 1154
7 1155
7 1156
7 1157
7 1158
7 1159
7 1160
7 1161
7 1162
7 1163
7 1164
7 1165
7 1166
7 1167
7 1168
7 1169
7 1170
7 1171
7 1172
7 1173
7 1174
7 1175
7 1176
7 1177
7 1178
7 1179
7 1180
7 1181
7 1182
7 1183
7 1184
7 1185
7 1186
7 1187
7 1188
7 1189
7 1190
7 1191
7 1192
7 1193
7 1194
7 1195
7 1196
7 1197
7 1198
7 1199
7 1200
7 1201
7 1202
7 1203
7 1204
7 1205
7 1206
7 1207
7 1208
7 1209
7 1210
7 1211
7 1212
7 1213
7 1214
7 1215
7 1216
7 1217
7 1218
7 1219
7 1220
7 1221
7 1222
7 1223
7 1224
7 1225
7 1226
7 1227
7 1228
7 1229
7 1230
7 1231
7 1232
7 1233
7 1234
7 1235
7 1236
7 1237
7 1238
7 1239
7 1240
7 1241
7 1242
7 1243
7 1244
7 1245
7 1246
7 1247
7 1248
7 1249
7 1250
7 1251
7 1252
7 1253
7 1254
7 1255
7 1256
7 1257
7 1258
7 1259
7 1260
7 1261
7 1262
7 1263
7 1264
7 1265
7 1266
7 1267
7 1268
7 1269
7 1270
7 1271
7 1272
7 1273
7 1274
7 1275
7 1276
7 1277
7 1278
7 1279
7 1280
7 1281
7 1282
7 1283
7 1284
7 1285
7 1286
7 1287
7 1288
7 1289
7 1290
7 1291
7 1292
7 1293
7 1294
7 1295
7 1296
7 1297
7 1298
7 1299
7 1300
7 1301
7 1302
7 1303
7 1304
7 1305
7 1306
7 1307
7 1308
7 1309
7 1310
7 1311
7 1312
7 1313
7 1314
7 1315
7 1316
7 1317
7 1318
7 1319
7 1320
7 1321
7 1322
7 1323
7 1324
7 1325
7 1326
7 1327
7 1328
7 1329
7 1330
7 1331
7 1332
7 1333
7 1334
7 1335
7 1336
7 1337
7 1338
7 1339
7 1340
7 1341
7 1342
7 1343
7 1344
7 1345
7 1346
7 1347
7 1348
7 1349
7 1350
7 1351
7 1352
7 1353
7 1354
7 1355
7 1356
7 1357
7 1358
7 1359
7 1360
7 1361
7 1362
7 1363
7 1364
7 1365
7 1366
7 1367
7 1368
7 1369
7 1370
7 1371
7 1372
7 1373
7 1374
7 1375
7 1376
7 1377
7 1378
7 1379
7 1380
7 1381
7 1382
7 1383
7 1384
7 1385
7 1386
7 1387
7 1388
7 1389
7 1390
7 1391
7 1392
7 1393
7 1394
7 1395
7 1396
7 1397
7 1398
7 1399
7 1400
7 1401
7 1402
7 1403
7 1404
7 1405
7 1406
7 1407
7 1408
7 1409
7 1410
7 1411
7 1412
7 1413
7 1414
7 1415
7 1416
7 1417
7 1418
7 1419
7 1420
7 1421
7 1422
7 1423
7 1424
7 1425
7 1426
7 1427
7 1428
7 1429
7 1430
7 1431
7 1432
7 1433
7 1434
7 1435
7 1436
7 1437
7 1438
7 1439
7 1440
7 1441
7 1442
7 1443
7 1444
7 1445
7 1446
7 1447
7 1448
7 1449
7 1450
7 1451
7 1452
7 1453
7 1454
7 1455
7 1456
7 1457
7 1458
7 1459
7 1460
7 1461
7 1462
7 1463
7 1464
7 1465
7 1466
7 1467
7 1468
7 1469
7 1470
7 1471
7 1472
7 1473
7 1474
7 1475
7 1476
7 1477
7 1478
7 1542
7 1572
8 64
8 66
8 67
8 68
8 69
8 70
8 71
8 72
8 73
8 77
8 79
8 83
8 84
8 87
8 88
8 89
8 93
8 95
8 104
8 115
8 116
8 118
8 120
8 131
8 134
8 135
8 136
8 138
8 140
8 141
8 142
8 143
8 146
8 148
8 149
8 152
8 154
8 156
8 157
8 158
8 159
8 160
8 161
8 162
8 163
8 165
8 166
8 167
8 168
8 169
8 170
8 171
8 172
8 174
8 175
8 176
8 177
8 178
8 180
8 181
8 182
8 183
8 184
8 185
8 186
8 187
8 188
8 189
8 190
8 191
8 193
8 194
8 195
8 197
8 198
8 199
8 201
8 202
8 204
8 205
8 206
8 207
8 208
8 209
8 211
8 212
8 213
8 214
8 215
8 217
8 218
8 219
8 220
8 221
8 222
8 223
8 224
8 225
8 226
8 227
8 228
8 230
8 231
8 232
8 233
8 235
8 236
8 237
8 238
8 239
8 240
8 242
8 243
8 245
8 246
8 247
8 249
8 250
8 251
8 252
8 253
8 254
8 256
8 259
8 260
8 261
8 262
8 263
8 264
8 265
8 266
8 267
8 268
8 269
8 270
8 271
8 272
8 273
8 274
8 275
8 276
8 277
8 278
8 279
8 281
8 283
8 284
8 285
8 287
8 288
8 289
8 290
8 291
8 292
8 294
8 295
8 296
8 297
8 299
8 300
8 301
8 302
8 303
8 304
8 305
8 306
8 307
8 310
8 311
8 312
8 313
8 314
8 315
8 316
8 317
8 319
8 320
8 322
8 323
8 324
8 326
8 327
8 328
8 329
8 330
8 331
8 332
8 333
8 334
8 335
8 336
8 337
8 339
8 341
8 343
8 344
8 348
8 349
8 350
8 351
8 353
8 354
8 355
8 356
8 357
8 358
8 359
8 360
8 361
8 362
8 364
8 365
8 367
8 369
8 370
8 371
8 372
8 373
8 375
8 376
8 377
8 379
8 382
8 383
8 384
8 386
8 387
8 388
8 389
8 391
8 393
8 394
8 395
8 396
8 399
8 400
8 401
8 403
8 404
8 405
8 406
8 407
8 408
8 410
8 411
8 412
8 414
8 416
8 417
8 418
8 421
8 422
8 424
8 426
8 429
8 430
8 432
8 434
8 435
8 437
8 438
8 440
8 441
8 443
8 445
8 446
8 447
8 448
8 449
8 450
8 451
8 452
8 453
8 454
8 455
8 456
8 457
8 458
8 459
8 460
8 461
8 463
8 464
8 465
8 466
8 467
8 468
8 469
8 470
8 471
8 472
8 474
8 475
8 476
8 478
8 479
8 481
8 483
8 484
8 485
8 486
8 489
8 490
8 492
8 493
8 494
8 497
8 498
8 500
8 503
8 504
8 505
8 506
8 508
8 509
8 510
8 513
8 514
8 515
8 518
8 519
8 520
8 521
8 522
8 523
8 524
8 527
8 530
8 531
8 532
8 533
8 534
8 535
8 537
8 538
8 540
8 541
8 543
8 544
8 546
8 547
8 548
8 549
8 550
8 551
8 552
8 553
8 554
8 556
8 557
8 558
8 559
8 561
8 562
8 563
8 564
8 565
8 566
8 567
8 568
8 569
8 571
8 572
8 573
8 574
8 575
8 576
8 577
8 581
8 582
8 583
8 584
8 585
8 586
8 587
8 588
8 589
8 590
8 591
8 593
8 594
8 595
8 596
8 598
8 599
8 600
8 602
8 603
8 604
8 605
8 606
8 607
8 608
8 609
8 612
8 613
8 614
8 615
8 616
8 617
8 618
8 619
8 621
8 623
8 625
8 626
8 630
8 631
8 632
8 633
8 634
8 635
8 636
8 637
8 638
8 640
8 641
8 642
8 643
8 644
8 645
8 646
8 647
8 648
8 649
8 652
8 653
8 654
8 655
8 656
8 657
8 658
8 659
8 660
8 661
8 662
8 663
8 664
8 665
8 666
8 667
8 670
8 673
8 674
8 675
8 677
8 678
8 679
8 680
8 681
8 682
8 683
8 689
8 690
8 691
8 692
8 693
8 695
8 696
8 697
8 700
8 701
8 702
8 703
8 705
8 706
8 707
8 708
8 710
8 711
8 713
8 714
8 715
8 717
8 718
8 720
8 722
8 724
8 726
8 727
8 729
8 731
8 732
8 735
8 736
8 737
8 738
8 742
8 743
8 744
8 747
8 748
8 749
8 750
8 751
8 752
8 753
8 754
8 757
8 760
8 761
8 762
8 763
8 764
8 767
8 768
8 769
8 771
8 772
8 774
8 775
8 776
8 779
8 780
8 781
8 782
8 783
8 784
8 785
8 786
8 787
8 789
8 790
8 791
8 792
8 795
8 797
8 798
8 800
8 801
8 802
8 803
8 805
8 806
8 807
8 808
8 809
8 810
8 811
8 813
8 814
8 815
8 816
8 817
8 818
8 819
8 821
8 822
8 823
8 824
8 826
8 831
8 832
8 833
8 835
8 837
8 838
8 840
8 843
8 845
8 846
8 847
8 848
8 849
8 850
8 852
8 853
8 854
8 855
8 857
8 859
8 863
8 865
8 867
8 868
8 869
8 870
8 871
8 873
8 874
8 875
8 876
8 878
8 880
8 881
8 882
8 884
8 885
8 887
8 888
8 891
8 893
8 896
8 898
8 899
8 900
8 902
8 903
8 904
8 905
8 907
8 908
8 909
8 911
8 912
8 914
8 915
8 916
8 918
8 920
8 921
8 922
8 923
8 924
8 925
8 926
8 928
8 929
8 931
8 932
8 934
8 935
8 938
8 939
8 941
8 942
8 943
8 944
8 945
8 946
8 948
8 949
8 950
8 951
8 952
8 953
8 955
8 956
8 957
8 960
8 962
8 963
8 964
8 966
8 968
8 969
8 970
8 971
8 972
8 974
8 975
8 976
8 977
8 978
8 979
8 980
8 981
8 983
8 984
8 985
8 990
8 991
8 992
8 995
8 996
8 997
8 998
8 1003
8 1004
8 1006
8 1007
8 1009
8 1010
8 1011
8 1013
8 1014
8 1015
8 1017
8 1018
8 1019
8 1020
8 1022
8 1023
8 1024
8 1025
8 1027
8 1028
8 1029
8 1030
8 1031
8 1032
8 1033
8 1034
8 1037
8 1038
8 1039
8 1041
8 1043
8 1044
8 1046
8 1048
8 1049
8 1052
8 1053
8 1054
8 1056
8 1057
8 1058
8 1059
8 1060
8 1067
8 1069
8 1070
8 1072
8 1074
8 1075
8 1076
8 1077
8 1080
8 1081
8 1082
8 1084
8 1085
8 1089
8 1090
8 1093
8 1094
8 1095
8 1098
8 1100
8 1101
8 1103
8 1104
8 1105
8 1107
8 1108
8 1110
8 1111
8 1112
8 1115
8 1117
8 1118
8 1119
8 1121
8 1123
8 1124
8 1125
8 1126
8 1128
8 1130
8 1133
8 1134
8 1135
8 1136
8 1137
8 1138
8 1139
8 1140
8 1142
8 1143
8 1145
8 1146
8 1147
8 1148
8 1149
8 1150
8 1151
8 1152
8 1154
8 1155
8 1157
8 1158
8 1159
8 1160
8 1161
8 1162
8 1164
8 1165
8 1166
8 1167
8 1169
8 1170
8 1171
8 1174
8 1175
8 1177
8 1178
8 1179
8 1180
8 1181
8 1182
8 1184
8 1185
8 1187
8 1188
8 1190
8 1192
8 1194
8 1196
8 1197
8 1198
8 1200
8 1201
8 1202
8 1203
8 1204
8 1205
8 1206
8 1208
8 1212
8 1213
8 1215
8 1216
8 1218
8 1219
8 1220
8 1221
8 1224
8 1226
8 1227
8 1228
8 1231
8 1232
8 1236
8 1238
8 1239
8 1241
8 1244
8 1245
8 1246
8 1247
8 1249
8 1250
8 1251
8 1252
8 1255
8 1257
8 1258
8 1259
8 1260
8 1261
8 1262
8 1263
8 1264
8 1265
8 1266
8 1267
8 1269
8 1270
8 1271
8 1272
8 1273
8 1274
8 1275
8 1277
8 1278
8 1279
8 1282
8 1284
8 1287
8 1289
8 1290
8 1293
8 1294
8 1295
8 1297
8 1298
8 1299
8 1300
8 1301
8 1302
8 1303
8 1306
8 1307
8 1309
8 1310
8 1311
8 1312
8 1314
8 1315
8 1316
8 1318
8 1319
8 1320
8 1323
8 1324
8 1325
8 1326
8 1330
8 1331
8 1332
8 1333
8 1336
8 1339
8 1340
8 1341
8 1342
8 1343
8 1346
8 1347
8 1348
8 1349
8 1350
8 1352
8 1353
8 1354
8 1356
8 1358
8 1360
8 1362
8 1363
8 1365
8 1366
8 1368
8 1369
8 1371
8 1373
8 1375
8 1376
8 1380
8 1382
8 1383
8 1384
8 1385
8 1387
8 1390
8 1394
8 1396
8 1397
8 1399
8 1401
8 1402
8 1403
8 1405
8 1407
8 1409
8 1411
8 1412
8 1413
8 1414
8 1415
8 1416
8 1417
8 1420
8 1421
8 1422
8 1424
8 1425
8 1426
8 1427
8 1428
8 1429
8 1430
8 1431
8 1432
8 1433
8 1434
8 1436
8 1437
8 1438
8 1439
8 1440
8 1441
8 1442
8 1444
8 1445
8 1447
8 1448
8 1449
8 1454
8 1455
8 1456
8 1457
8 1459
8 1460
8 1463
8 1464
8 1465
8 1466
8 1467
8 1468
8 1470
8 1472
8 1473
8 1474
8 1475
8 1542
8 1543
8 1544
8 1554
9 65
9 72
9 74
9 76
9 78
9 80
9 81
9 85
9 89
9 90
9 91
9 94
9 96
9 97
9 99
9 100
9 101
9 105
9 106
9 111
9 112
9 113
9 114
9 115
9 119
9 121
9 122
9 123
9 124
9 125
9 126
9 127
9 128
9 130
9 133
9 136
9 162
9 165
9 166
9 167
9 169
9 170
9 171
9 175
9 176
9 181
9 182
9 184
9 186
9 189
9 190
9 191
9 197
9 198
9 206
9 208
9 212
9 213
9 214
9 219
9 223
9 224
9 226
9 227
9 228
9 230
9 231
9 232
9 238
9 242
9 245
9 246
9 248
9 249
9 251
9 252
9 254
9 257
9 264
9 265
9 267
9 272
9 274
9 275
9 281
9 283
9 289
9 290
9 291
9 295
9 299
9 303
9 306
9 307
9 314
9 316
9 319
9 320
9 322
9 323
9 324
9 329
9 330
9 331
9 333
9 344
9 354
9 358
9 362
9 363
9 368
9 375
9 376
9 381
9 382
9 384
9 388
9 389
9 394
9 395
9 396
9 400
9 401
9 404
9 405
9 416
9 418
9 421
9 425
9 426
9 427
9 430
9 432
9 434
9 442
9 445
9 447
9 451
9 452
9 459
9 460
9 463
9 465
9 468
9 474
9 475
9 479
9 481
9 486
9 488
9 490
9 497
9 498
9 503
9 505
9 515
9 519
9 520
9 521
9 522
9 523
9 524
9 526
9 527
9 530
9 531
9 532
9 533
9 534
9 535
9 536
9 537
9 548
9 551
9 556
9 558
9 559
9 561
9 562
9 565
9 566
9 567
9 569
9 571
9 573
9 574
9 575
9 576
9 577
9 578
9 580
9 582
9 583
9 585
9 586
9 587
9 588
9 589
9 594
9 596
9 597
9 598
9 600
9 601
9 602
9 603
9 607
9 608
9 609
9 613
9 614
9 615
9 616
9 617
9 619
9 626
9 627
9 633
9 634
9 637
9 644
9 645
9 646
9 647
9 648
9 649
9 652
9 654
9 655
9 656
9 657
9 659
9 663
9 664
9 667
9 669
9 670
9 671
9 674
9 678
9 681
9 685
9 686
9 691
9 692
9 697
9 700
9 705
9 706
9 711
9 712
9 713
9 716
9 720
9 722
9 727
9 728
9 733
9 735
9 736
9 737
9 741
9 742
9 744
9 745
9 747
9 748
9 749
9 752
9 753
9 754
9 758
9 759
9 761
9 762
9 765
9 767
9 768
9 770
9 771
9 773
9 775
9 777
9 781
9 784
9 787
9 789
9 790
9 792
9 794
9 795
9 797
9 798
9 807
9 808
9 816
9 819
9 824
9 826
9 831
9 837
9 841
9 845
9 846
9 847
9 852
9 854
9 855
9 857
9 859
9 861
9 864
9 868
9 869
9 875
9 876
9 878
9 881
9 882
9 884
9 885
9 891
9 893
9 894
9 895
9 897
9 899
9 900
9 905
9 907
9 908
9 909
9 910
9 911
9 912
9 914
9 916
9 922
9 923
9 930
9 931
9 932
9 935
9 936
9 939
9 942
9 945
9 947
9 949
9 951
9 952
9 953
9 955
9 956
9 957
9 958
9 959
9 960
9 962
9 963
9 970
9 972
9 974
9 975
9 976
9 978
9 980
9 983
9 984
9 985
9 986
9 989
9 991
9 992
9 994
9 997
9 998
9 1002
9 1003
9 1004
9 1007
9 1009
9 1010
9 1011
9 1013
9 1014
9 1016
9 1019
9 1020
9 1022
9 1023
9 1026
9 1027
9 1028
9 1030
9 1033
9 1037
9 1038
9 1041
9 1043
9 1045
9 1046
9 1049
9 1054
9 1056
9 1057
9 1059
9 1062
9 1066
9 1070
9 1074
9 1075
9 1078
9 1080
9 1081
9 1082
9 1085
9 1087
9 1088
9 1092
9 1094
9 1095
9 1096
9 1100
9 1101
9 1104
9 1105
9 1108
9 1114
9 1117
9 1118
9 1124
9 1125
9 1130
9 1134
9 1136
9 1137
9 1148
9 1149
9 1150
9 1154
9 1155
9 1159
9 1160
9 1167
9 1168
9 1169
9 1171
9 1172
9 1174
9 1179
9 1181
9 1184
9 1185
9 1187
9 1188
9 1192
9 1193
9 1195
9 1199
9 1201
9 1202
9 1203
9 1208
9 1213
9 1214
9 1215
9 1216
9 1218
9 1219
9 1220
9 1221
9 1224
9 1226
9 1232
9 1233
9 1235
9 1241
9 1242
9 1243
9 1244
9 1247
9 1252
9 1255
9 1256
9 1257
9 1259
9 1260
9 1261
9 1264
9 1266
9 1267
9 1269
9 1270
9 1275
9 1277
9 1279
9 1281
9 1283
9 1286
9 1288
9 1289
9 1292
9 1296
9 1299
9 1300
9 1301
9 1305
9 1307
9 1311
9 1312
9 1313
9 1314
9 1315
9 1317
9 1318
9 1320
9 1324
9 1325
9 1326
9 1330
9 1331
9 1335
9 1336
9 1342
9 1344
9 1345
9 1346
9 1349
9 1350
9 1353
9 1354
9 1355
9 1358
9 1359
9 1360
9 1362
9 1363
9 1364
9 1365
9 1366
9 1367
9 1384
9 1385
9 1394
9 1396
9 1403
9 1405
9 1407
9 1409
9 1411
9 1413
9 1420
9 1423
9 1427
9 1429
9 1433
9 1434
9 1436
9 1437
9 1438
9 1440
9 1442
9 1444
9 1446
9 1448
9 1449
9 1460
9 1466
9 1536
9 1537
9 1538
9 1554
9 1555
10 66
10 71
10 75
10 79
10 82
10 86
10 87
10 92
10 93
10 95
10 98
10 102
10 103
10 104
10 107
10 108
10 110
10 117
10 118
10 120
10 129
10 131
10 132
10 156
10 157
10 158
10 159
10 160
10 161
10 162
10 163
10 164
10 165
10 166
10 167
10 168
10 169
10 170
10 171
10 172
10 173
10 174
10 177
10 178
10 179
10 180
10 182
10 183
10 186
10 187
10 189
10 191
10 192
10 193
10 196
10 197
10 199
10 200
10 201
10 203
10 206
10 207
10 209
10 211
10 214
10 216
10 217
10 218
10 219
10 220
10 222
10 223
10 224
10 228
10 229
10 230
10 231
10 233
10 234
10 235
10 236
10 237
10 240
10 242
10 243
10 244
10 245
10 246
10 247
10 248
10 249
10 251
10 253
10 255
10 256
10 257
10 258
10 259
10 261
10 264
10 265
10 268
10 270
10 271
10 272
10 273
10 275
10 276
10 277
10 278
10 279
10 280
10 281
10 282
10 283
10 284
10 285
10 286
10 287
10 288
10 289
10 290
10 291
10 293
10 298
10 299
10 303
10 306
10 307
10 308
10 309
10 311
10 313
10 314
10 315
10 317
10 318
10 319
10 320
10 321
10 323
10 324
10 325
10 327
10 328
10 329
10 330
10 331
10 335
10 336
10 337
10 338
10 339
10 340
10 341
10 342
10 343
10 344
10 345
10 346
10 347
10 349
10 351
10 353
10 354
10 356
10 357
10 358
10 362
10 363
10 365
10 366
10 368
10 369
10 371
10 373
10 374
10 375
10 376
10 377
10 378
10 379
10 380
10 381
10 382
10 383
10 384
10 387
10 388
10 389
10 390
10 391
10 393
10 394
10 395
10 396
10 397
10 398
10 400
10 401
10 402
10 403
10 404
10 405
10 406
10 407
10 408
10 409
10 410
10 412
10 413
10 414
10 415
10 417
10 418
10 419
10 420
10 421
10 423
10 424
10 425
10 427
10 428
10 429
10 430
10 431
10 432
10 433
10 434
10 435
10 436
10 438
10 439
10 440
10 441
10 442
10 445
10 446
10 447
10 450
10 452
10 459
10 460
10 461
10 462
10 463
10 465
10 468
10 472
10 473
10 475
10 476
10 477
10 479
10 480
10 485
10 486
10 487
10 488
10 490
10 491
10 496
10 497
10 498
10 500
10 501
10 502
10 503
10 504
10 508
10 510
10 511
10 512
10 513
10 514
10 515
10 516
10 517
10 518
10 520
10 521
10 522
10 525
10 526
10 527
10 528
10 529
10 532
10 534
10 535
10 537
10 539
10 540
10 541
10 542
10 544
10 546
10 547
10 548
10 552
10 554
10 555
10 556
10 560
10 565
10 568
10 570
10 571
10 572
10 573
10 576
10 577
10 579
10 580
10 583
10 584
10 586
10 589
10 591
10 592
10 602
10 603
10 607
10 608
10 609
10 610
10 611
10 615
10 616
10 620
10 621
10 622
10 623
10 624
10 627
10 628
10 629
10 630
10 632
10 633
10 636
10 638
10 639
10 640
10 642
10 645
10 648
10 649
10 650
10 651
10 652
10 653
10 655
10 656
10 663
10 665
10 667
10 668
10 672
10 673
10 675
10 676
10 678
10 679
10 682
10 684
10 687
10 688
10 691
10 692
10 694
10 695
10 697
10 698
10 699
10 700
10 704
10 706
10 708
10 709
10 710
10 712
10 716
10 718
10 719
10 720
10 721
10 722
10 723
10 724
10 725
10 726
10 729
10 730
10 731
10 733
10 734
10 735
10 738
10 739
10 740
10 741
10 742
10 746
10 747
10 748
10 750
10 753
10 754
10 755
10 756
10 757
10 758
10 760
10 764
10 765
10 767
10 771
10 777
10 778
10 783
10 784
10 786
10 787
10 788
10 793
10 794
10 796
10 798
10 799
10 800
10 801
10 802
10 803
10 804
10 805
10 807
10 810
10 811
10 812
10 819
10 820
10 824
10 825
10 826
10 827
10 828
10 829
10 830
10 831
10 833
10 834
10 835
10 836
10 837
10 838
10 839
10 840
10 841
10 842
10 843
10 844
10 845
10 849
10 850
10 851
10 852
10 855
10 856
10 857
10 858
10 859
10 860
10 862
10 863
10 865
10 866
10 867
10 868
10 871
10 872
10 875
10 876
10 877
10 878
10 879
10 882
10 883
10 885
10 886
10 887
10 888
10 889
10 890
10 891
10 892
10 894
10 897
10 899
10 900
10 901
10 905
10 906
10 908
10 909
10 910
10 912
10 913
10 915
10 916
10 917
10 918
10 919
10 920
10 922
10 923
10 926
10 927
10 930
10 933
10 934
10 935
10 936
10 937
10 939
10 940
10 941
10 942
10 946
10 947
10 950
10 953
10 954
10 957
10 958
10 959
10 960
10 961
10 962
10 964
10 965
10 966
10 967
10 969
10 971
10 972
10 973
10 974
10 977
10 978
10 982
10 983
10 985
10 986
10 987
10 988
10 989
10 990
10 992
10 993
10 994
10 996
10 998
10 999
10 1000
10 1003
10 1005
10 1008
10 1009
10 1010
10 1011
10 1018
10 1020
10 1021
10 1023
10 1026
10 1027
10 1031
10 1033
10 1034
10 1035
10 1036
10 1037
10 1039
10 1040
10 1041
10 1042
10 1043
10 1046
10 1047
10 1051
10 1052
10 1054
10 1055
10 1056
10 1062
10 1063
10 1064
10 1065
10 1067
10 1068
10 1069
10 1070
10 1071
10 1072
10 1073
10 1077
10 1078
10 1079
10 1083
10 1084
10 1089
10 1091
10 1093
10 1097
10 1099
10 1102
10 1103
10 1104
10 1106
10 1107
10 1108
10 1109
10 1110
10 1111
10 1113
10 1114
10 1116
10 1117
10 1118
10 1119
10 1120
10 1121
10 1122
10 1123
10 1125
10 1127
10 1128
10 1129
10 1130
10 1131
10 1132
10 1133
10 1138
10 1140
10 1141
10 1143
10 1144
10 1153
10 1154
10 1155
10 1156
10 1157
10 1158
10 1159
10 1160
10 1161
10 1163
10 1164
10 1168
10 1172
10 1173
10 1176
10 1181
10 1182
10 1183
10 1185
10 1186
10 1188
10 1189
10 1190
10 1191
10 1192
10 1193
10 1194
10 1205
10 1206
10 1207
10 1208
10 1212
10 1213
10 1215
10 1216
10 1217
10 1218
10 1222
10 1223
10 1224
10 1225
10 1226
10 1227
10 1228
10 1229
10 1230
10 1231
10 1232
10 1233
10 1234
10 1236
10 1237
10 1238
10 1239
10 1240
10 1241
10 1242
10 1247
10 1248
10 1249
10 1251
10 1253
10 1254
10 1255
10 1256
10 1261
10 1264
10 1267
10 1268
10 1275
10 1276
10 1279
10 1280
10 1284
10 1285
10 1289
10 1290
10 1292
10 1293
10 1295
10 1297
10 1300
10 1303
10 1304
10 1306
10 1307
10 1308
10 1309
10 1312
10 1313
10 1316
10 1317
10 1318
10 1319
10 1320
10 1321
10 1322
10 1326
10 1327
10 1328
10 1329
10 1331
10 1334
10 1335
10 1336
10 1337
10 1339
10 1341
10 1342
10 1344
10 1345
10 1347
10 1350
10 1351
10 1355
10 1356
10 1357
10 1360
10 1361
10 1362
10 1365
10 1373
10 1374
10 1381
10 1382
10 1383
10 1386
10 1387
10 1388
10 1389
10 1390
10 1391
10 1392
10 1393
10 1394
10 1395
10 1398
10 1399
10 1400
10 1403
10 1404
10 1405
10 1406
10 1407
10 1410
10 1411
10 1423
10 1424
10 1427
10 1431
10 1433
10 1434
10 1435
10 1438
10 1440
10 1442
10 1443
10 1446
10 1448
10 1449
10 1450
10 1458
10 1460
10 1461
10 1468
10 1469
10 1477
10 1492
10 1540
10 1541
10 1542
10 1548
10 1550
10 1560
10 1561
10 1562
10 1563
10 1564
10 1565
10 1566
10 1567
10 1568
10 1569
10 1570
10 1571
10 1573
10 1574
10 1575
10 1576
10 1577
10 1578
10 1579
10 1580
10 1581
10 1582
10 1587
11 87
11 108
11 109
11 117
11 175
11 189
11 196
11 347
11 446
11 495
11 497
11 499
11 503
11 644
11 670
11 796
11 837
11 845
11 1065
11 1305
11 1316
11 1334
11 1347
11 1466
12 122
12 196
12 197
12 240
12 241
12 242
12 245
12 257
12 291
12 362
12 369
12 376
12 398
12 405
12 425
12 488
12 498
12 515
12 522
12 525
12 565
12 580
12 582
12 586
12 786
12 794
12 894
12 895
12 957
12 959
12 1001
12 1002
12 1010
12 1011
12 1012
12 1023
12 1030
12 1085
12 1086
12 1087
12 1223
12 1233
12 1235
12 1288
12 1291
12 1292
12 1313
12 1317
12 1328
12 1338
12 1367
12 1433
12 1438
12 1447
12 1451
12 1452
12 1458
12 1461
12 1462
13 122
13 169
13 177
13 196
13 197
13 240
13 242
13 245
13 257
13 291
13 358
13 362
13 398
13 404
13 405
13 448
13 488
13 498
13 500
13 515
13 522
13 524
13 525
13 534
13 580
13 586
13 599
13 602
13 631
13 647
13 654
13 703
13 706
13 731
13 732
13 737
13 761
13 781
13 790
13 795
13 821
13 822
13 831
13 840
13 847
13 854
13 870
13 894
13 895
13 907
13 924
13 945
13 948
13 953
13 957
13 959
13 969
13 986
13 1002
13 1004
13 1011
13 1020
13 1023
13 1030
13 1085
13 1135
13 1160
13 1181
13 1197
13 1205
13 1215
13 1216
13 1246
13 1317
13 1433
13 1438
13 1447
13 1485
13 1493
13 1494
13 1495
13 1496
13 1497
13 1498
13 1499
13 1500
13 1501
13 1502
13 1503
13 1504
13 1505
13 1506
13 1507
13 1508
13 1509
13 1510
13 1511
13 1512
13 1513
13 1514
13 1515
13 1516
13 1517
13 1518
13 1519
13 1520
13 1521
13 1522
13 1523
13 1524
13 1525
13 1526
13 1527
13 1528
13 1529
13 1530
13 1531
13 1532
13 1553
13 1586
14 137
14 139
14 144
14 145
14 147
14 150
14 151
14 153
14 155
14 196
14 210
14 245
14 286
14 347
14 363
14 381
14 391
14 431
14 442
14 446
14 488
14 526
14 608
14 615
14 685
14 798
14 841
14 861
14 897
14 910
14 957
14 1066
14 1092
14 1095
14 1129
14 1172
14 1193
14 1195
14 1241
14 1256
14 1271
14 1289
14 1296
14 1299
14 1344
14 1355
14 1370
14 1372
14 1410
14 1446
15 146
15 444
15 495
15 502
15 611
15 641
15 693
15 1064
15 1378
16 156
16 157
16 160
16 171
16 172
16 178
16 180
16 196
16 197
16 201
16 207
16 209
16 210
16 214
16 217
16 218
16 220
16 222
16 228
16 233
16 239
16 245
16 247
16 248
16 252
16 267
16 270
16 273
16 283
16 286
16 288
16 300
16 306
16 313
16 314
16 320
16 330
16 347
16 349
16 350
16 357
16 363
16 364
16 369
16 370
16 372
16 377
16 386
16 424
16 427
16 430
16 431
16 442
16 445
16 446
16 451
16 458
16 463
16 481
16 488
16 500
16 515
16 526
16 535
16 565
16 568
16 573
16 581
16 589
16 590
16 594
16 595
16 599
16 600
16 603
16 605
16 608
16 612
16 615
16 626
16 631
16 636
16 640
16 648
16 655
16 656
16 658
16 662
16 674
16 679
16 682
16 685
16 718
16 731
16 750
16 751
16 758
16 769
16 771
16 798
16 811
16 817
16 823
16 824
16 841
16 848
16 849
16 850
16 852
16 861
16 869
16 885
16 888
16 894
16 896
16 897
16 899
16 910
16 923
16 925
16 926
16 927
16 928
16 929
16 930
16 938
16 962
16 964
16 970
16 972
16 977
16 1005
16 1006
16 1010
16 1024
16 1044
16 1045
16 1054
16 1057
16 1066
16 1077
16 1088
16 1090
16 1092
16 1093
16 1095
16 1128
16 1129
16 1143
16 1147
16 1167
16 1175
16 1178
16 1180
16 1182
16 1195
16 1238
16 1241
16 1249
16 1250
16 1251
16 1257
16 1264
16 1265
16 1269
16 1283
16 1286
16 1287
16 1289
16 1294
16 1295
16 1296
16 1298
16 1299
16 1303
16 1309
16 1310
16 1316
16 1330
16 1331
16 1334
16 1344
16 1345
16 1355
16 1362
16 1399
16 1401
16 1410
16 1412
16 1416
16 1417
16 1421
16 1422
16 1432
16 1442
16 1445
16 1446
16 1453
16 1457
16 1460
16 1462
16 1556
16 1557
17 158
17 169
17 174
17 181
17 184
17 185
17 186
17 187
17 188
17 193
17 195
17 202
17 204
17 205
17 213
17 215
17 223
17 225
17 238
17 242
17 243
17 250
17 257
17 262
17 263
17 264
17 266
17 275
17 278
17 284
17 285
17 291
17 292
17 299
17 301
17 302
17 304
17 305
17 310
17 312
17 317
17 319
17 322
17 326
17 327
17 332
17 333
17 334
17 337
17 339
17 360
17 361
17 362
17 367
17 368
17 373
17 387
17 388
17 396
17 398
17 405
17 406
17 408
17 418
17 437
17 438
17 448
17 449
17 459
17 467
17 469
17 470
17 472
17 482
17 485
17 489
17 498
17 499
17 506
17 509
17 518
17 525
17 536
17 537
17 538
17 541
17 543
17 549
17 550
17 553
17 565
17 566
17 578
17 580
17 591
17 594
17 604
17 618
17 623
17 625
17 632
17 638
17 644
17 649
17 654
17 657
17 659
17 661
17 663
17 669
17 675
17 677
17 686
17 689
17 696
17 701
17 702
17 703
17 707
17 711
17 713
17 715
17 727
17 733
17 736
17 738
17 763
17 772
17 775
17 779
17 786
17 792
17 809
17 811
17 813
17 814
17 815
17 816
17 821
17 822
17 832
17 835
17 838
17 873
17 874
17 878
17 884
17 893
17 898
17 900
17 904
17 918
17 921
17 931
17 934
17 943
17 947
17 948
17 952
17 963
17 974
17 975
17 979
17 981
17 991
17 995
17 1015
17 1023
17 1025
17 1032
17 1037
17 1039
17 1048
17 1049
17 1052
17 1058
17 1060
17 1061
17 1067
17 1072
17 1075
17 1076
17 1082
17 1084
17 1089
17 1098
17 1103
17 1105
17 1112
17 1115
17 1119
17 1124
17 1134
17 1148
17 1149
17 1150
17 1152
17 1157
17 1158
17 1166
17 1169
17 1177
17 1185
17 1192
17 1194
17 1196
17 1197
17 1198
17 1200
17 1203
17 1206
17 1208
17 1210
17 1227
17 1232
17 1236
17 1245
17 1263
17 1266
17 1267
17 1269
17 1270
17 1272
17 1273
17 1275
17 1277
17 1301
17 1313
17 1324
17 1325
17 1333
17 1336
17 1338
17 1343
17 1346
17 1350
17 1352
17 1366
17 1367
17 1380
17 1382
17 1385
17 1396
17 1398
17 1402
17 1407
17 1409
17 1413
17 1414
17 1415
17 1424
17 1425
17 1426
17 1430
17 1434
17 1437
17 1439
17 1444
17 1447
17 1454
17 1455
17 1456
17 1477
17 1487
17 1488
17 1489
17 1490
17 1492
17 1502
17 1539
17 1540
17 1546
17 1584
17 1585
18 161
18 166
18 168
18 170
18 171
18 182
18 196
18 197
18 209
18 230
18 236
18 237
18 240
18 245
18 246
18 256
18 257
18 268
18 283
18 289
18 290
18 306
18 315
18 319
18 321
18 353
18 355
18 358
18 365
18 369
18 371
18 376
18 382
18 389
18 398
18 404
18 421
18 425
18 497
18 519
18 520
18 521
18 524
18 527
18 535
18 556
18 569
18 571
18 572
18 576
18 577
18 583
18 602
18 607
18 616
18 617
18 618
18 634
18 642
18 645
18 646
18 667
18 678
18 681
18 691
18 692
18 742
18 747
18 748
18 749
18 782
18 785
18 789
18 794
18 808
18 841
18 846
18 847
18 863
18 864
18 875
18 881
18 895
18 908
18 914
18 939
18 942
18 950
18 959
18 971
18 977
18 980
18 983
18 1002
18 1009
18 1010
18 1011
18 1018
18 1019
18 1022
18 1030
18 1080
18 1085
18 1087
18 1088
18 1096
18 1101
18 1107
18 1117
18 1118
18 1128
18 1135
18 1136
18 1137
18 1138
18 1142
18 1151
18 1162
18 1164
18 1170
18 1171
18 1179
18 1187
18 1202
18 1204
18 1205
18 1241
18 1258
18 1261
18 1311
18 1312
18 1314
18 1433
18 1448
18 1474
18 1545
19 162
19 165
19 167
19 170
19 171
19 175
19 176
19 190
19 208
19 209
19 212
19 219
19 221
19 226
19 232
19 240
19 246
19 251
19 254
19 268
19 276
19 277
19 279
19 289
19 290
19 295
19 303
19 311
19 315
19 323
19 324
19 345
19 351
19 353
19 355
19 358
19 365
19 369
19 371
19 376
19 379
19 382
19 383
19 404
19 412
19 416
19 421
19 422
19 425
19 426
19 453
19 479
19 490
19 497
19 505
19 510
19 514
19 519
19 520
19 521
19 523
19 524
19 527
19 535
19 554
19 556
19 558
19 559
19 562
19 567
19 569
19 571
19 572
19 574
19 576
19 577
19 583
19 585
19 588
19 593
19 598
19 602
19 607
19 609
19 614
19 616
19 617
19 618
19 619
19 634
19 637
19 642
19 645
19 646
19 647
19 667
19 678
19 681
19 690
19 691
19 692
19 697
19 700
19 714
19 720
19 722
19 737
19 742
19 744
19 747
19 748
19 749
19 754
19 761
19 762
19 767
19 768
19 781
19 782
19 783
19 785
19 787
19 789
19 790
19 795
19 803
19 808
19 840
19 843
19 846
19 847
19 854
19 855
19 857
19 859
19 863
19 864
19 867
19 875
19 876
19 881
19 882
19 887
19 891
19 895
19 905
19 907
19 908
19 909
19 911
19 912
19 914
19 915
19 916
19 920
19 939
19 942
19 945
19 949
19 950
19 951
19 953
19 955
19 956
19 959
19 969
19 971
19 976
19 977
19 983
19 992
19 994
19 997
19 998
19 1002
19 1003
19 1004
19 1007
19 1009
19 1010
19 1011
19 1013
19 1014
19 1018
19 1019
19 1022
19 1028
19 1029
19 1030
19 1031
19 1033
19 1034
19 1038
19 1043
19 1056
19 1069
19 1074
19 1080
19 1085
19 1087
19 1096
19 1101
19 1107
19 1108
19 1111
19 1117
19 1118
19 1121
19 1125
19 1132
19 1133
19 1135
19 1136
19 1137
19 1138
19 1142
19 1145
19 1151
19 1162
19 1164
19 1170
19 1171
19 1179
19 1181
19 1187
19 1188
19 1190
19 1201
19 1202
19 1204
19 1205
19 1223
19 1228
19 1231
19 1239
19 1242
19 1244
19 1255
19 1258
19 1259
19 1260
19 1261
19 1279
19 1288
19 1291
19 1292
19 1293
19 1303
19 1307
19 1311
19 1312
19 1314
19 1326
19 1328
19 1330
19 1349
19 1353
19 1358
19 1373
19 1384
19 1387
19 1388
19 1390
19 1394
19 1403
19 1405
19 1433
19 1440
19 1448
19 1449
20 163
20 166
20 191
20 198
20 199
20 206
20 211
20 224
20 227
20 230
20 231
20 235
20 236
20 237
20 249
20 255
20 256
20 259
20 260
20 261
20 272
20 274
20 281
20 307
20 331
20 335
20 336
20 341
20 344
20 354
20 356
20 359
20 384
20 393
20 394
20 395
20 400
20 401
20 403
20 407
20 410
20 411
20 414
20 417
20 429
20 432
20 434
20 435
20 440
20 441
20 447
20 450
20 454
20 468
20 471
20 474
20 483
20 484
20 486
20 504
20 513
20 530
20 531
20 532
20 533
20 534
20 540
20 546
20 547
20 548
20 551
20 561
20 587
20 597
20 621
20 627
20 629
20 630
20 633
20 653
20 670
20 683
20 688
20 695
20 705
20 708
20 726
20 743
20 753
20 757
20 760
20 770
20 777
20 784
20 791
20 797
20 800
20 802
20 805
20 806
20 810
20 826
20 831
20 880
20 922
20 932
20 935
20 936
20 941
20 944
20 946
20 960
20 978
20 984
20 985
20 989
20 990
20 996
20 1020
20 1046
20 1070
20 1078
20 1081
20 1085
20 1094
20 1100
20 1104
20 1110
20 1114
20 1139
20 1146
20 1154
20 1159
20 1160
20 1168
20 1174
20 1215
20 1216
20 1218
20 1219
20 1220
20 1221
20 1224
20 1226
20 1227
20 1233
20 1235
20 1252
20 1290
20 1306
20 1315
20 1319
20 1320
20 1323
20 1341
20 1383
20 1411
20 1423
20 1429
21 165
21 167
21 190
21 326
21 354
21 404
21 521
21 945
21 1074
21 1171
21 1239
21 1448
21 1583
22 166
22 196
22 213
22 336
22 434
22 435
22 438
22 685
22 1232
22 1336
23 168
23 321
23 433
23 460
23 475
23 503
23 544
23 552
23 652
23 664
23 765
23 794
23 986
23 1062
23 1167
23 1305
23 1317
23 1335
23 1339
23 1363
23 1427
24 213
25 217
26 219
27 240
27 242
27 382
27 724
27 794
27 819
27 957
27 1344
28 273
28 283
28 330
28 381
28 515
28 581
28 673
28 894
28 923
28 1128
28 1283
28 1289
28 1344
28 1410
28 1460
29 283
30 330
30 508
30 1243
31 348
31 385
31 461
31 466
31 476
31 478
31 492
31 493
31 494
31 606
31 660
31 665
31 666
31 717
31 724
31 729
31 732
31 776
31 780
31 818
31 833
31 853
31 865
31 870
31 871
31 903
31 924
31 966
31 1123
31 1140
31 1165
31 1212
31 1278
31 1282
31 1284
31 1297
31 1302
31 1356
31 1377
31 1418
31 1419
32 352
32 386
32 392
32 507
32 545
32 968
32 1050
32 1209
32 1211
32 1379
32 1408
32 1547
32 1548
32 1549
32 1550
32 1551
32 1552
32 1558
32 1559
33 444
33 445
33 463
33 601
33 894
33 1095
33 1128
33 1241
33 1378
33 1460
34 445
34 463
34 603
34 648
34 894
34 1045
34 1095
34 1161
34 1172
34 1241
35 522
35 525
35 1023
35 1082
35 1085
35 1312
35 1438
35 1447
35 1487
35 1488
36 537
36 1482
36 1535
37 563
38 624
38 829
38 1254
38 1378
38 1391
38 1392
38 1393
39 686
39 861
40 786
41 786
42 786
43 786
44 794
45 939
46 1009
47 1119
48 1128
49 1311
50 1376
51 1479
51 1480
51 1481
52 1486
53 1491
54 1572
